Query	B+-Tree	Skan	Adaptive Merging	extendend Adaptive Merging	PCM Adaptive Merging
1	0.009001	0.070703	1.465728	0.594494	0.295006
2	0.009001	0.070703	1.464345	0.601518	0.299568
3	0.009001	0.070703	1.449225	0.595457	0.296536
4	0.009001	0.070703	1.433882	0.589299	0.293474
5	0.009001	0.070703	1.422481	0.584795	0.291238
6	0.009001	0.070703	1.405145	0.577831	0.287741
7	0.009001	0.070703	1.391092	0.572202	0.284941
8	0.009001	0.070703	1.378246	0.567106	0.282393
9	0.009001	0.070703	1.366165	0.562306	0.280012
10	0.009001	0.070703	1.355718	0.558171	0.277918
11	0.009001	0.070703	1.339814	0.551795	0.274760
12	0.009001	0.070703	1.323956	0.545447	0.271573
13	0.009001	0.070703	1.311626	0.540914	0.269515
14	0.009001	0.070703	1.295000	0.534242	0.266164
15	0.009001	0.070703	1.286035	0.530539	0.264315
16	0.009001	0.070703	1.273645	0.525614	0.261885
17	0.009001	0.070703	1.261230	0.520683	0.259425
18	0.009001	0.070703	1.245494	0.514375	0.256251
19	0.009001	0.070703	1.236844	0.510986	0.254574
20	0.009001	0.070703	1.222042	0.505096	0.251642
21	0.009001	0.070703	1.209235	0.499972	0.249056
22	0.009001	0.070703	1.197098	0.494966	0.246588
23	0.009001	0.070703	1.186878	0.490918	0.244553
24	0.009001	0.070703	1.176892	0.487012	0.242598
25	0.009001	0.070703	1.163719	0.481633	0.239854
26	0.009001	0.070703	1.152999	0.477185	0.237638
27	0.009001	0.070703	1.141443	0.472621	0.235353
28	0.009001	0.070703	1.127236	0.466934	0.232499
29	0.009001	0.070703	1.122928	0.465165	0.231648
30	0.009001	0.070703	1.107754	0.459104	0.228619
31	0.009001	0.070703	1.092213	0.452860	0.225503
32	0.009001	0.070703	1.084483	0.449858	0.224003
33	0.009001	0.070703	1.071995	0.444905	0.221517
34	0.009001	0.070703	1.064896	0.441982	0.220066
35	0.009001	0.070703	1.056197	0.438579	0.218362
36	0.009001	0.070703	1.043097	0.433364	0.215789
37	0.009001	0.070703	1.031088	0.428589	0.213398
38	0.009001	0.070703	1.018111	0.423150	0.210620
39	0.009001	0.070703	1.012458	0.421021	0.209574
40	0.009001	0.070703	0.997343	0.414945	0.206539
41	0.009001	0.070703	0.994336	0.413709	0.205908
42	0.009001	0.070703	0.981840	0.408734	0.203436
43	0.009001	0.070703	0.975995	0.406327	0.202225
44	0.009001	0.070703	0.960258	0.400014	0.199073
45	0.009001	0.070703	0.971081	0.413401	0.198405
46	0.009001	0.070703	0.963097	0.410733	0.198061
47	0.009001	0.070703	0.951817	0.406166	0.195842
48	0.009001	0.070703	0.944561	0.403091	0.194355
49	0.009001	0.070703	0.932258	0.398091	0.191950
50	0.009001	0.070703	0.917594	0.392059	0.189016
51	0.009001	0.070703	0.910933	0.389456	0.187774
52	0.009001	0.070703	0.903299	0.386203	0.186209
53	0.009001	0.070703	0.893608	0.382207	0.184213
54	0.009001	0.070703	0.887320	0.379559	0.182973
55	0.009001	0.070703	0.876447	0.375140	0.180823
56	0.009001	0.070703	0.869405	0.372163	0.179366
57	0.009001	0.070703	0.857552	0.367340	0.177060
58	0.009001	0.070703	0.851197	0.364852	0.175839
59	0.009001	0.070703	0.843426	0.361554	0.174256
60	0.009001	0.070703	0.835300	0.358321	0.172682
61	0.009001	0.070703	0.825900	0.354340	0.170756
62	0.009001	0.070703	0.818584	0.351441	0.169359
63	0.009001	0.070703	0.809475	0.347582	0.167512
64	0.009001	0.070703	0.801128	0.344263	0.165909
65	0.009001	0.070703	0.790739	0.340043	0.163866
66	0.009001	0.070703	0.785562	0.337855	0.162791
67	0.009001	0.070703	0.778462	0.334846	0.161334
68	0.009001	0.070703	0.770914	0.331857	0.159899
69	0.009001	0.070703	0.764826	0.329275	0.158647
70	0.009001	0.070703	0.756952	0.326152	0.157153
71	0.009001	0.070703	0.747172	0.322572	0.155609
72	0.009001	0.070703	0.738735	0.319003	0.153910
73	0.009001	0.070703	0.734846	0.317361	0.153120
74	0.009001	0.070703	0.724922	0.313349	0.151176
75	0.009001	0.070703	0.720381	0.311439	0.150239
76	0.009001	0.070703	0.712999	0.308492	0.148822
77	0.009001	0.070703	0.705123	0.305175	0.147231
78	0.009001	0.070703	0.699271	0.302907	0.146127
79	0.009001	0.070703	0.689180	0.298620	0.144058
80	0.009001	0.070703	0.686080	0.297525	0.143531
81	0.009001	0.070703	0.679527	0.294737	0.142192
82	0.009001	0.070703	0.670407	0.291071	0.140415
83	0.009001	0.070703	0.661123	0.287156	0.138540
84	0.009001	0.070703	0.661015	0.287108	0.138492
85	0.009001	0.070703	0.655206	0.284840	0.137389
86	0.009001	0.070703	0.649559	0.282458	0.136266
87	0.009001	0.070703	0.640270	0.278723	0.134439
88	0.009001	0.070703	0.631374	0.274962	0.132653
89	0.009001	0.070703	0.625007	0.272471	0.131432
90	0.009001	0.070703	0.621978	0.271179	0.130817
91	0.009001	0.070703	0.613244	0.267472	0.129000
92	0.009001	0.070703	0.602869	0.263284	0.126999
93	0.009001	0.070703	0.607036	0.265073	0.127868
94	0.009001	0.070703	0.598728	0.261369	0.125995
95	0.009001	0.070703	0.588361	0.257201	0.123977
96	0.009001	0.070703	0.584915	0.255719	0.123264
97	0.009001	0.070703	0.579794	0.253773	0.122319
98	0.009001	0.070703	0.572178	0.250543	0.120778
99	0.009001	0.070703	0.566290	0.248265	0.119667
100	0.009001	0.070703	0.561482	0.246214	0.118661
101	0.009001	0.070703	0.554696	0.243338	0.117286
102	0.009001	0.070703	0.548670	0.241014	0.116175
103	0.009001	0.070703	0.544879	0.239377	0.115375
104	0.009001	0.070703	0.542218	0.238287	0.114860
105	0.009001	0.070703	0.535968	0.235822	0.113649
106	0.009001	0.070703	0.530490	0.233510	0.112538
107	0.009001	0.070703	0.522021	0.229920	0.110822
108	0.009001	0.070703	0.519863	0.229218	0.110471
109	0.009001	0.070703	0.511645	0.225736	0.108813
110	0.009001	0.070703	0.508975	0.224603	0.108237
111	0.009001	0.070703	0.502269	0.221975	0.107001
112	0.009001	0.070703	0.498487	0.220382	0.106219
113	0.009001	0.070703	0.495332	0.219023	0.105557
114	0.009001	0.070703	0.488946	0.216540	0.104357
115	0.009001	0.070703	0.480551	0.212973	0.102620
116	0.009001	0.070703	0.479976	0.212758	0.102544
117	0.009001	0.070703	0.477914	0.211865	0.102114
118	0.009001	0.070703	0.477083	0.211511	0.101919
119	0.009001	0.070703	0.463241	0.205865	0.099229
120	0.009001	0.070703	0.464471	0.206377	0.099442
121	0.009001	0.070703	0.458042	0.203867	0.098243
122	0.009001	0.070703	0.449191	0.200132	0.096453
123	0.009001	0.070703	0.444304	0.198231	0.095531
124	0.009001	0.070703	0.444274	0.198235	0.095522
125	0.009001	0.070703	0.438228	0.195649	0.094276
126	0.009001	0.070703	0.435077	0.194340	0.093669
127	0.009001	0.070703	0.432117	0.193082	0.093032
128	0.009001	0.070703	0.425917	0.190627	0.091844
129	0.009001	0.070703	0.419963	0.188125	0.090658
130	0.009001	0.070703	0.413576	0.185608	0.089413
131	0.009001	0.070703	0.411723	0.184822	0.089050
132	0.009001	0.070703	0.406715	0.182700	0.088001
133	0.009001	0.070703	0.407979	0.183238	0.088266
134	0.009001	0.070703	0.406319	0.182529	0.087942
135	0.009001	0.070703	0.398475	0.179397	0.086422
136	0.009001	0.070703	0.394619	0.177776	0.085628
137	0.009001	0.070703	0.390422	0.175988	0.084775
138	0.009001	0.070703	0.387041	0.174550	0.084058
139	0.009001	0.070703	0.380253	0.171874	0.082785
140	0.009001	0.070703	0.379605	0.171593	0.082646
141	0.009001	0.070703	0.377961	0.170917	0.082314
142	0.009001	0.070703	0.375320	0.169777	0.081744
143	0.009001	0.070703	0.365329	0.165749	0.079823
144	0.009001	0.070703	0.364058	0.165195	0.079547
145	0.009001	0.070703	0.362748	0.164669	0.079294
146	0.009001	0.070703	0.355417	0.161733	0.077852
147	0.009001	0.070703	0.356615	0.162054	0.078038
148	0.009001	0.070703	0.349988	0.159431	0.076763
149	0.009001	0.070703	0.346152	0.157830	0.075989
150	0.009001	0.070703	0.344095	0.156923	0.075537
151	0.009001	0.070703	0.337207	0.154214	0.074213
152	0.009001	0.070703	0.335625	0.153557	0.073910
153	0.009001	0.070703	0.332992	0.152434	0.073361
154	0.009001	0.070703	0.331911	0.151970	0.073154
155	0.009001	0.070703	0.327758	0.150210	0.072282
156	0.009001	0.070703	0.323747	0.148719	0.071595
157	0.009001	0.070703	0.321986	0.147950	0.071203
158	0.009001	0.070703	0.315121	0.145054	0.069791
159	0.009001	0.070703	0.316566	0.145665	0.070105
160	0.009001	0.070703	0.309324	0.142785	0.068683
161	0.009001	0.070703	0.307824	0.142169	0.068408
162	0.009001	0.070703	0.307057	0.141836	0.068261
163	0.009001	0.070703	0.302394	0.139840	0.067279
164	0.009001	0.070703	0.301554	0.139510	0.067114
165	0.009001	0.070703	0.292106	0.135674	0.065260
166	0.009001	0.070703	0.293282	0.136183	0.065516
167	0.009001	0.070703	0.289458	0.134586	0.064742
168	0.009001	0.070703	0.288432	0.134126	0.064496
169	0.009001	0.070703	0.284299	0.132386	0.063691
170	0.009001	0.070703	0.283808	0.132171	0.063555
171	0.009001	0.070703	0.281734	0.131272	0.063123
172	0.009001	0.070703	0.277605	0.129755	0.062398
173	0.009001	0.070703	0.271742	0.127243	0.061162
174	0.009001	0.070703	0.271811	0.127279	0.061211
175	0.009001	0.070703	0.267616	0.125519	0.060347
176	0.009001	0.070703	0.265818	0.124738	0.059956
177	0.009001	0.070703	0.260065	0.122497	0.058876
178	0.009001	0.070703	0.259004	0.122053	0.058681
179	0.009001	0.070703	0.256755	0.121096	0.058200
180	0.009001	0.070703	0.254279	0.120038	0.057700
181	0.009001	0.070703	0.253105	0.119556	0.057484
182	0.009001	0.070703	0.255656	0.120640	0.057985
183	0.009001	0.070703	0.248370	0.117733	0.056563
184	0.009001	0.070703	0.248398	0.117768	0.056602
185	0.009001	0.070703	0.242232	0.115130	0.055327
186	0.009001	0.070703	0.240415	0.114355	0.054924
187	0.009001	0.070703	0.243106	0.115512	0.055523
188	0.009001	0.070703	0.238979	0.113761	0.054651
189	0.009001	0.070703	0.231448	0.110759	0.053218
190	0.009001	0.070703	0.234734	0.112153	0.053866
191	0.009001	0.070703	0.233498	0.111650	0.053641
192	0.009001	0.070703	0.231283	0.110678	0.053168
193	0.009001	0.070703	0.225921	0.108425	0.052072
194	0.009001	0.070703	0.227390	0.109044	0.052366
195	0.009001	0.070703	0.219294	0.105802	0.050816
196	0.009001	0.070703	0.217580	0.105089	0.050464
197	0.009001	0.070703	0.216435	0.104577	0.050208
198	0.009001	0.070703	0.216531	0.104649	0.050277
199	0.009001	0.070703	0.211636	0.102564	0.049237
200	0.009001	0.070703	0.209651	0.101721	0.048826
201	0.009001	0.070703	0.210889	0.102250	0.049110
202	0.009001	0.070703	0.207860	0.100955	0.048472
203	0.009001	0.070703	0.208261	0.101115	0.048541
204	0.009001	0.070703	0.201305	0.098397	0.047237
205	0.009001	0.070703	0.202297	0.098804	0.047443
206	0.009001	0.070703	0.197081	0.096573	0.046345
207	0.009001	0.070703	0.198351	0.097126	0.046599
208	0.009001	0.070703	0.194632	0.095550	0.045864
209	0.009001	0.070703	0.193728	0.095171	0.045658
210	0.009001	0.070703	0.193035	0.094862	0.045521
211	0.009001	0.070703	0.192786	0.094780	0.045482
212	0.009001	0.070703	0.187919	0.092899	0.044580
213	0.009001	0.070703	0.187693	0.092798	0.044521
214	0.009001	0.070703	0.184653	0.091526	0.043903
215	0.009001	0.070703	0.180448	0.089723	0.043031
216	0.009001	0.070703	0.182453	0.090585	0.043442
217	0.009001	0.070703	0.179329	0.089245	0.042794
218	0.009001	0.070703	0.180169	0.089644	0.043011
219	0.009001	0.070703	0.175661	0.087686	0.042040
220	0.009001	0.070703	0.175881	0.087799	0.042089
221	0.009001	0.070703	0.173032	0.086786	0.041599
222	0.009001	0.070703	0.171281	0.086060	0.041285
223	0.009001	0.070703	0.170192	0.085579	0.041009
224	0.009001	0.070703	0.165908	0.083763	0.040157
225	0.009001	0.070703	0.168942	0.085046	0.040775
226	0.009001	0.070703	0.163514	0.082746	0.039638
227	0.009001	0.070703	0.165205	0.083478	0.040030
228	0.009001	0.070703	0.159565	0.081275	0.038931
229	0.009001	0.070703	0.160202	0.081344	0.038960
230	0.009001	0.070703	0.158987	0.081031	0.038814
231	0.009001	0.070703	0.157642	0.080452	0.038549
232	0.009001	0.070703	0.153530	0.078458	0.037716
233	0.009001	0.070703	0.154018	0.078683	0.037814
234	0.009001	0.070703	0.154872	0.079108	0.037970
235	0.009001	0.070703	0.152077	0.077726	0.037401
236	0.009001	0.070703	0.150373	0.076868	0.037058
237	0.009001	0.070703	0.149658	0.076525	0.036931
238	0.009001	0.070703	0.147037	0.075216	0.036382
239	0.009001	0.070703	0.144434	0.074167	0.035940
240	0.009001	0.070703	0.146566	0.074985	0.036263
241	0.009001	0.070703	0.143799	0.073845	0.035793
242	0.009001	0.070703	0.142735	0.073299	0.035568
243	0.009001	0.070703	0.140145	0.072050	0.035078
244	0.009001	0.070703	0.140519	0.072205	0.035126
245	0.009001	0.070703	0.140067	0.071994	0.035038
246	0.009001	0.070703	0.138321	0.071130	0.034705
247	0.009001	0.070703	0.134575	0.069249	0.033901
248	0.009001	0.070703	0.134268	0.069110	0.033862
249	0.009001	0.070703	0.131939	0.067969	0.033382
250	0.009001	0.070703	0.131585	0.067776	0.033283
251	0.009001	0.070703	0.130594	0.067295	0.033097
252	0.009001	0.070703	0.128579	0.066512	0.032782
253	0.009001	0.070703	0.127109	0.065786	0.032459
254	0.009001	0.070703	0.127109	0.065786	0.032459
255	0.009001	0.070703	0.123504	0.064011	0.031744
256	0.009001	0.070703	0.124872	0.064672	0.032018
257	0.009001	0.070703	0.122894	0.063700	0.031607
258	0.009001	0.070703	0.122680	0.063587	0.031557
259	0.009001	0.070703	0.122535	0.063516	0.031547
260	0.009001	0.070703	0.120285	0.062395	0.031056
261	0.009001	0.070703	0.116298	0.060426	0.030282
262	0.009001	0.070703	0.119332	0.061930	0.030900
263	0.009001	0.070703	0.115757	0.060156	0.030145
264	0.009001	0.070703	0.114207	0.059614	0.029939
265	0.009001	0.070703	0.116171	0.060351	0.030233
266	0.009001	0.070703	0.113435	0.059235	0.029763
267	0.009001	0.070703	0.113291	0.059164	0.029734
268	0.009001	0.070703	0.110117	0.057578	0.029066
269	0.009001	0.070703	0.111916	0.058488	0.029488
270	0.009001	0.070703	0.111191	0.058106	0.029301
271	0.009001	0.070703	0.108874	0.056970	0.028851
272	0.009001	0.070703	0.108007	0.056540	0.028654
273	0.009001	0.070703	0.107014	0.056035	0.028449
274	0.009001	0.070703	0.104759	0.054925	0.027979
275	0.009001	0.070703	0.104783	0.054934	0.027978
276	0.009001	0.070703	0.102303	0.053707	0.027479
277	0.009001	0.070703	0.100664	0.052899	0.027175
278	0.009001	0.070703	0.103219	0.054157	0.027684
279	0.009001	0.070703	0.101428	0.053262	0.027281
280	0.009001	0.070703	0.100688	0.052909	0.027155
281	0.009001	0.070703	0.098855	0.052214	0.026870
282	0.009001	0.070703	0.098631	0.052122	0.026831
283	0.009001	0.070703	0.097121	0.051355	0.026517
284	0.009001	0.070703	0.097058	0.051329	0.026487
285	0.009001	0.070703	0.094705	0.050178	0.026037
286	0.009001	0.070703	0.094936	0.050286	0.026096
287	0.009001	0.070703	0.094062	0.049841	0.025899
288	0.009001	0.070703	0.093043	0.049325	0.025673
289	0.009001	0.070703	0.091544	0.048599	0.025370
290	0.009001	0.070703	0.089910	0.047781	0.025046
291	0.009001	0.070703	0.089149	0.047407	0.024879
292	0.009001	0.070703	0.088848	0.047258	0.024840
293	0.009001	0.070703	0.088985	0.047315	0.024849
294	0.009001	0.070703	0.086796	0.046256	0.024419
295	0.009001	0.070703	0.088263	0.046957	0.024702
296	0.009001	0.070703	0.087000	0.046329	0.024438
297	0.009001	0.070703	0.085922	0.045811	0.024223
298	0.009001	0.070703	0.085204	0.045443	0.024055
299	0.009001	0.070703	0.084865	0.045280	0.023997
300	0.009001	0.070703	0.082499	0.044329	0.023614
301	0.009001	0.070703	0.082725	0.044446	0.023673
302	0.009001	0.070703	0.082122	0.044149	0.023526
303	0.009001	0.070703	0.080117	0.043142	0.023123
304	0.009001	0.070703	0.081540	0.043873	0.023429
305	0.009001	0.070703	0.079208	0.042707	0.022939
306	0.009001	0.070703	0.079709	0.042938	0.023036
307	0.009001	0.070703	0.078811	0.042507	0.022849
308	0.009001	0.070703	0.076116	0.041168	0.022300
309	0.009001	0.070703	0.075770	0.040989	0.022241
310	0.009001	0.070703	0.074527	0.040380	0.021997
311	0.009001	0.070703	0.074106	0.040171	0.021888
312	0.009001	0.070703	0.075205	0.040708	0.022124
313	0.009001	0.070703	0.073088	0.039655	0.021682
314	0.009001	0.070703	0.074420	0.040325	0.021948
315	0.009001	0.070703	0.073491	0.039869	0.021791
316	0.009001	0.070703	0.071712	0.038979	0.021388
317	0.009001	0.070703	0.071518	0.038887	0.021359
318	0.009001	0.070703	0.071567	0.038907	0.021358
319	0.009001	0.070703	0.069921	0.038085	0.021016
320	0.009001	0.070703	0.070870	0.038560	0.021241
321	0.009001	0.070703	0.068498	0.037619	0.020829
322	0.009001	0.070703	0.068912	0.037813	0.020897
323	0.009001	0.070703	0.069859	0.038059	0.021036
324	0.009001	0.070703	0.066909	0.036831	0.020506
325	0.009001	0.070703	0.065589	0.036167	0.020221
326	0.009001	0.070703	0.067165	0.036949	0.020545
327	0.009001	0.070703	0.065081	0.035921	0.020153
328	0.009001	0.070703	0.063932	0.035363	0.019918
329	0.009001	0.070703	0.065482	0.036111	0.020222
330	0.009001	0.070703	0.063158	0.034960	0.019751
331	0.009001	0.070703	0.064734	0.035742	0.020074
332	0.009001	0.070703	0.060734	0.033768	0.019251
333	0.009001	0.070703	0.061568	0.034172	0.019427
334	0.009001	0.070703	0.061267	0.034024	0.019368
335	0.009001	0.070703	0.059244	0.033022	0.018957
336	0.009001	0.070703	0.062014	0.034392	0.019515
337	0.009001	0.070703	0.060903	0.033850	0.019281
338	0.009001	0.070703	0.059878	0.033319	0.019055
339	0.009001	0.070703	0.058485	0.032649	0.018781
340	0.009001	0.070703	0.058942	0.032873	0.018868
341	0.009001	0.070703	0.057057	0.031928	0.018495
342	0.009001	0.070703	0.057002	0.031917	0.018487
343	0.009001	0.070703	0.057102	0.031958	0.018515
344	0.009001	0.070703	0.056920	0.031871	0.018456
345	0.009001	0.070703	0.057779	0.032286	0.018643
346	0.009001	0.070703	0.055846	0.031344	0.018251
347	0.009001	0.070703	0.055455	0.031135	0.018142
348	0.009001	0.070703	0.054864	0.030843	0.018024
349	0.009001	0.070703	0.054765	0.030802	0.018044
350	0.009001	0.070703	0.053686	0.030490	0.017877
351	0.009001	0.070703	0.055022	0.030920	0.018054
352	0.009001	0.070703	0.054145	0.030716	0.017996
353	0.009001	0.070703	0.052048	0.029683	0.017554
354	0.009001	0.070703	0.052952	0.030127	0.017750
355	0.009001	0.070703	0.052242	0.029774	0.017583
356	0.009001	0.070703	0.051564	0.029447	0.017466
357	0.009001	0.070703	0.051255	0.029284	0.017407
358	0.009001	0.070703	0.050645	0.028972	0.017269
359	0.009001	0.070703	0.049704	0.028512	0.017083
360	0.009001	0.070703	0.049178	0.028271	0.016986
361	0.009001	0.070703	0.050954	0.029135	0.017348
362	0.009001	0.070703	0.048134	0.027744	0.016761
363	0.009001	0.070703	0.047937	0.027627	0.016711
364	0.009001	0.070703	0.049315	0.028327	0.016996
365	0.009001	0.070703	0.048140	0.027735	0.016761
366	0.009001	0.070703	0.046669	0.027008	0.016446
367	0.009001	0.070703	0.045427	0.026399	0.016202
368	0.009001	0.070703	0.047686	0.027500	0.016652
369	0.009001	0.070703	0.045872	0.026619	0.016290
370	0.009001	0.070703	0.046261	0.026804	0.016358
371	0.009001	0.070703	0.045727	0.026547	0.016260
372	0.009001	0.070703	0.044721	0.026036	0.016064
373	0.009001	0.070703	0.044734	0.026042	0.016064
374	0.009001	0.070703	0.044415	0.025898	0.015995
375	0.009001	0.070703	0.044094	0.025730	0.015917
376	0.009001	0.070703	0.044457	0.025904	0.016005
377	0.009001	0.070703	0.043415	0.025401	0.015789
378	0.009001	0.070703	0.043471	0.025413	0.015799
379	0.009001	0.070703	0.041863	0.024630	0.015476
380	0.009001	0.070703	0.041116	0.024261	0.015319
381	0.009001	0.070703	0.041461	0.024416	0.015387
382	0.009001	0.070703	0.043660	0.025515	0.015828
383	0.009001	0.070703	0.041361	0.024375	0.015358
384	0.009001	0.070703	0.042277	0.024824	0.015563
385	0.009001	0.070703	0.040230	0.023811	0.015122
386	0.009001	0.070703	0.041737	0.024554	0.015446
387	0.009001	0.070703	0.039734	0.023571	0.015034
388	0.009001	0.070703	0.039846	0.023618	0.015063
389	0.009001	0.070703	0.040865	0.024134	0.015270
390	0.009001	0.070703	0.039796	0.023597	0.015033
391	0.009001	0.070703	0.039966	0.023679	0.015093
392	0.009001	0.070703	0.037863	0.022861	0.014719
393	0.009001	0.070703	0.039627	0.023515	0.015006
394	0.009001	0.070703	0.037223	0.022549	0.014623
395	0.009001	0.070703	0.037298	0.022580	0.014632
396	0.009001	0.070703	0.037883	0.022881	0.014739
397	0.009001	0.070703	0.037029	0.022456	0.014592
398	0.009001	0.070703	0.037079	0.022477	0.014573
399	0.009001	0.070703	0.036438	0.022165	0.014446
400	0.009001	0.070703	0.036306	0.022098	0.014446
401	0.009001	0.070703	0.036550	0.022211	0.014455
402	0.009001	0.070703	0.035138	0.021520	0.014181
403	0.009001	0.070703	0.035156	0.021516	0.014191
404	0.009001	0.070703	0.035056	0.021475	0.014162
405	0.009001	0.070703	0.034177	0.021040	0.014005
406	0.009001	0.070703	0.035534	0.021720	0.014269
407	0.009001	0.070703	0.034717	0.021311	0.014122
408	0.009001	0.070703	0.034094	0.020994	0.013955
409	0.009001	0.070703	0.034238	0.021065	0.013984
410	0.009001	0.070703	0.033825	0.020871	0.013917
411	0.009001	0.070703	0.033196	0.020540	0.013779
412	0.009001	0.070703	0.033441	0.020677	0.013838
413	0.009001	0.070703	0.032996	0.020457	0.013769
414	0.009001	0.070703	0.033071	0.020488	0.013749
415	0.009001	0.070703	0.032436	0.020166	0.013632
416	0.009001	0.070703	0.030796	0.019358	0.013308
417	0.009001	0.070703	0.031601	0.019762	0.013455
418	0.009001	0.070703	0.032084	0.019997	0.013543
419	0.009001	0.070703	0.032204	0.020059	0.013574
420	0.009001	0.070703	0.031457	0.019690	0.013447
421	0.009001	0.070703	0.030915	0.019419	0.013308
422	0.009001	0.070703	0.030966	0.019440	0.013337
423	0.009001	0.070703	0.030118	0.019030	0.013161
424	0.009001	0.070703	0.030991	0.019450	0.013338
425	0.009001	0.070703	0.031287	0.019608	0.013397
426	0.009001	0.070703	0.030388	0.019153	0.013220
427	0.009001	0.070703	0.029627	0.018779	0.013043
428	0.009001	0.070703	0.030205	0.019066	0.013161
429	0.009001	0.070703	0.029369	0.018637	0.012994
430	0.009001	0.070703	0.029999	0.018969	0.013132
431	0.009001	0.070703	0.028579	0.018263	0.012838
432	0.009001	0.070703	0.029207	0.018570	0.012984
433	0.009001	0.070703	0.028428	0.018177	0.012808
434	0.009001	0.070703	0.028661	0.018309	0.012867
435	0.009001	0.070703	0.028088	0.018013	0.012750
436	0.009001	0.070703	0.029017	0.018468	0.012906
437	0.009001	0.070703	0.026499	0.017225	0.012426
438	0.009001	0.070703	0.028146	0.018049	0.012750
439	0.009001	0.070703	0.027767	0.017844	0.012670
440	0.009001	0.070703	0.027071	0.017521	0.012543
441	0.009001	0.070703	0.027424	0.017691	0.012623
442	0.009001	0.070703	0.027052	0.017501	0.012543
443	0.009001	0.070703	0.027296	0.017614	0.012553
444	0.009001	0.070703	0.026676	0.017322	0.012456
445	0.009001	0.070703	0.026335	0.017134	0.012376
446	0.009001	0.070703	0.026882	0.017419	0.012485
447	0.009001	0.070703	0.026965	0.017465	0.012514
448	0.009001	0.070703	0.025538	0.016745	0.012200
449	0.009001	0.070703	0.025620	0.016790	0.012249
450	0.009001	0.070703	0.025512	0.016735	0.012200
451	0.009001	0.070703	0.025224	0.016591	0.012162
452	0.009001	0.070703	0.025670	0.016811	0.012230
453	0.009001	0.070703	0.023801	0.016125	0.011955
454	0.009001	0.070703	0.023950	0.016187	0.011994
455	0.009001	0.070703	0.023983	0.016212	0.012014
456	0.009001	0.070703	0.025022	0.016484	0.012112
457	0.009001	0.070703	0.023694	0.016069	0.011935
458	0.009001	0.070703	0.023958	0.016202	0.011985
459	0.009001	0.070703	0.025072	0.016505	0.012112
460	0.009001	0.070703	0.025218	0.016601	0.012162
461	0.009001	0.070703	0.023699	0.016060	0.011935
462	0.009001	0.070703	0.023500	0.015977	0.011897
463	0.009001	0.070703	0.023071	0.015752	0.011788
464	0.009001	0.070703	0.023058	0.015747	0.011788
465	0.009001	0.070703	0.023071	0.015752	0.011788
466	0.009001	0.070703	0.023091	0.015772	0.011808
467	0.009001	0.070703	0.023448	0.015932	0.011876
468	0.009001	0.070703	0.023343	0.015901	0.011867
469	0.009001	0.070703	0.022650	0.015543	0.011729
470	0.009001	0.070703	0.022129	0.015292	0.011612
471	0.009001	0.070703	0.022072	0.015256	0.011612
472	0.009001	0.070703	0.021915	0.015179	0.011552
473	0.009001	0.070703	0.022092	0.015276	0.011632
474	0.009001	0.070703	0.020929	0.014689	0.011376
475	0.009001	0.070703	0.021577	0.015016	0.011495
476	0.009001	0.070703	0.021639	0.015042	0.011524
477	0.009001	0.070703	0.022870	0.015646	0.011759
478	0.009001	0.070703	0.021778	0.015123	0.011544
479	0.009001	0.070703	0.021131	0.014796	0.011406
480	0.009001	0.070703	0.021024	0.014740	0.011376
481	0.009001	0.070703	0.021337	0.014893	0.011435
482	0.009001	0.070703	0.021036	0.014745	0.011376
483	0.009001	0.070703	0.021086	0.014766	0.011406
484	0.009001	0.070703	0.020979	0.014710	0.011376
485	0.009001	0.070703	0.020924	0.014698	0.011367
486	0.009001	0.070703	0.020094	0.014284	0.011200
487	0.009001	0.070703	0.020244	0.014347	0.011229
488	0.009001	0.070703	0.020239	0.014356	0.011229
489	0.009001	0.070703	0.019484	0.013973	0.011082
490	0.009001	0.070703	0.020012	0.014239	0.011171
491	0.009001	0.070703	0.020401	0.014423	0.011259
492	0.009001	0.070703	0.019987	0.014229	0.011171
493	0.009001	0.070703	0.020376	0.014413	0.011259
494	0.009001	0.070703	0.019409	0.013942	0.011054
495	0.009001	0.070703	0.019108	0.013794	0.011014
496	0.009001	0.070703	0.019748	0.014105	0.011111
497	0.009001	0.070703	0.019484	0.013973	0.011082
498	0.009001	0.070703	0.019579	0.014024	0.011082
499	0.009001	0.070703	0.019446	0.013957	0.011053
500	0.009001	0.070703	0.018662	0.013574	0.010905
501	0.009001	0.070703	0.018572	0.013513	0.010857
502	0.009001	0.070703	0.019314	0.013891	0.011023
503	0.009001	0.070703	0.018993	0.013722	0.010964
504	0.009001	0.070703	0.018700	0.013589	0.010906
505	0.009001	0.070703	0.018290	0.013384	0.010817
506	0.009001	0.070703	0.017990	0.013237	0.010759
507	0.009001	0.070703	0.018353	0.013410	0.010847
508	0.009001	0.070703	0.017663	0.013078	0.010700
509	0.009001	0.070703	0.017649	0.013048	0.010680
510	0.009001	0.070703	0.017927	0.013210	0.010758
511	0.009001	0.070703	0.018039	0.013257	0.010788
512	0.009001	0.070703	0.017820	0.013155	0.010730
513	0.009001	0.070703	0.017982	0.013221	0.010758
514	0.009001	0.070703	0.018335	0.013415	0.010847
515	0.009001	0.070703	0.018019	0.013237	0.010768
516	0.009001	0.070703	0.016582	0.012536	0.010494
517	0.009001	0.070703	0.017399	0.012945	0.010641
518	0.009001	0.070703	0.017656	0.013063	0.010700
519	0.009001	0.070703	0.016814	0.012644	0.010504
520	0.009001	0.070703	0.017053	0.012766	0.010583
521	0.009001	0.070703	0.017292	0.012888	0.010611
522	0.009001	0.070703	0.016941	0.012720	0.010553
523	0.009001	0.070703	0.016826	0.012648	0.010503
524	0.009001	0.070703	0.016412	0.012453	0.010434
525	0.009001	0.070703	0.016777	0.012628	0.010524
526	0.009001	0.070703	0.016669	0.012572	0.010474
527	0.009001	0.070703	0.016607	0.012546	0.010494
528	0.009001	0.070703	0.016652	0.012577	0.010494
529	0.009001	0.070703	0.016480	0.012470	0.010445
530	0.009001	0.070703	0.016582	0.012536	0.010494
531	0.009001	0.070703	0.016457	0.012484	0.010464
532	0.009001	0.070703	0.016285	0.012378	0.010415
533	0.009001	0.070703	0.016268	0.012382	0.010406
534	0.009001	0.070703	0.016657	0.012567	0.010494
535	0.009001	0.070703	0.015909	0.012199	0.010327
536	0.009001	0.070703	0.016714	0.012602	0.010494
537	0.009001	0.070703	0.015859	0.012178	0.010347
538	0.009001	0.070703	0.016009	0.012240	0.010357
539	0.009001	0.070703	0.016218	0.012362	0.010406
540	0.009001	0.070703	0.015401	0.011952	0.010229
541	0.009001	0.070703	0.015601	0.012035	0.010268
542	0.009001	0.070703	0.015640	0.012075	0.010288
543	0.009001	0.070703	0.015205	0.011836	0.010180
544	0.009001	0.070703	0.015834	0.012167	0.010317
545	0.009001	0.070703	0.015245	0.011876	0.010200
546	0.009001	0.070703	0.015777	0.012132	0.010298
547	0.009001	0.070703	0.015426	0.011963	0.010259
548	0.009001	0.070703	0.015419	0.011948	0.010239
549	0.009001	0.070703	0.015464	0.011978	0.010259
550	0.009001	0.070703	0.015376	0.011943	0.010230
551	0.009001	0.070703	0.014985	0.011733	0.010150
552	0.009001	0.070703	0.015219	0.011866	0.010200
553	0.009001	0.070703	0.014841	0.011662	0.010121
554	0.009001	0.070703	0.015207	0.011861	0.010200
555	0.009001	0.070703	0.014564	0.011524	0.010062
556	0.009001	0.070703	0.015621	0.012055	0.010288
557	0.009001	0.070703	0.014671	0.011579	0.010062
558	0.009001	0.070703	0.014811	0.011661	0.010113
559	0.009001	0.070703	0.014741	0.011620	0.010092
560	0.009001	0.070703	0.014546	0.011528	0.010053
561	0.009001	0.070703	0.014658	0.011574	0.010062
562	0.009001	0.070703	0.014924	0.011708	0.010141
563	0.009001	0.070703	0.014684	0.011585	0.010092
564	0.009001	0.070703	0.014378	0.011447	0.010024
565	0.009001	0.070703	0.014320	0.011411	0.010003
566	0.009001	0.070703	0.014006	0.011257	0.009964
567	0.009001	0.070703	0.014407	0.011447	0.010033
568	0.009001	0.070703	0.014522	0.011518	0.010053
569	0.009001	0.070703	0.014093	0.011293	0.009944
570	0.009001	0.070703	0.014151	0.011329	0.009994
571	0.009001	0.070703	0.014118	0.011304	0.009974
572	0.009001	0.070703	0.014327	0.011426	0.010023
573	0.009001	0.070703	0.014012	0.011248	0.009944
574	0.009001	0.070703	0.014069	0.011283	0.009945
575	0.009001	0.070703	0.014378	0.011447	0.010024
576	0.009001	0.070703	0.013949	0.011221	0.009915
577	0.009001	0.070703	0.014378	0.011447	0.010024
578	0.009001	0.070703	0.014080	0.011288	0.009944
579	0.009001	0.070703	0.013912	0.011207	0.009936
580	0.009001	0.070703	0.013993	0.011252	0.009944
581	0.009001	0.070703	0.013585	0.011048	0.009876
582	0.009001	0.070703	0.013214	0.010858	0.009768
583	0.009001	0.070703	0.014118	0.011304	0.009974
584	0.009001	0.070703	0.013994	0.011252	0.009964
585	0.009001	0.070703	0.013610	0.011058	0.009857
586	0.009001	0.070703	0.013655	0.011089	0.009877
587	0.009001	0.070703	0.013685	0.011089	0.009886
588	0.009001	0.070703	0.013383	0.010940	0.009826
589	0.009001	0.070703	0.013511	0.011017	0.009847
590	0.009001	0.070703	0.013082	0.010792	0.009739
591	0.009001	0.070703	0.013800	0.011160	0.009906
592	0.009001	0.070703	0.013528	0.011012	0.009856
593	0.009001	0.070703	0.013082	0.010792	0.009739
594	0.009001	0.070703	0.013573	0.011042	0.009876
595	0.009001	0.070703	0.012888	0.010700	0.009710
596	0.009001	0.070703	0.013107	0.010802	0.009768
597	0.009001	0.070703	0.013139	0.010828	0.009788
598	0.009001	0.070703	0.012793	0.010649	0.009679
599	0.009001	0.070703	0.012743	0.010629	0.009680
600	0.009001	0.070703	0.013246	0.010883	0.009788
601	0.009001	0.070703	0.012699	0.010598	0.009680
602	0.009001	0.070703	0.012731	0.010623	0.009680
603	0.009001	0.070703	0.012719	0.010618	0.009700
604	0.009001	0.070703	0.012988	0.010741	0.009739
605	0.009001	0.070703	0.012850	0.010684	0.009709
606	0.009001	0.070703	0.012863	0.010690	0.009729
607	0.009001	0.070703	0.012937	0.010720	0.009709
608	0.009001	0.070703	0.012913	0.010711	0.009710
609	0.009001	0.070703	0.012681	0.010602	0.009700
610	0.009001	0.070703	0.012504	0.010505	0.009621
611	0.009001	0.070703	0.012818	0.010659	0.009709
612	0.009001	0.070703	0.012668	0.010597	0.009670
613	0.009001	0.070703	0.012673	0.010588	0.009680
614	0.009001	0.070703	0.012731	0.010623	0.009680
615	0.009001	0.070703	0.012285	0.010403	0.009612
616	0.009001	0.070703	0.012529	0.010516	0.009650
617	0.009001	0.070703	0.012491	0.010500	0.009621
618	0.009001	0.070703	0.012636	0.010572	0.009650
619	0.009001	0.070703	0.012462	0.010500	0.009642
620	0.009001	0.070703	0.012227	0.010368	0.009592
621	0.009001	0.070703	0.012516	0.010511	0.009650
622	0.009001	0.070703	0.012235	0.010382	0.009582
623	0.009001	0.070703	0.012347	0.010429	0.009592
624	0.009001	0.070703	0.012648	0.010577	0.009650
625	0.009001	0.070703	0.012095	0.010301	0.009562
626	0.009001	0.070703	0.011872	0.010208	0.009543
627	0.009001	0.070703	0.012115	0.010321	0.009562
628	0.009001	0.070703	0.012158	0.010327	0.009563
629	0.009001	0.070703	0.012153	0.010337	0.009563
630	0.009001	0.070703	0.012198	0.010367	0.009583
631	0.009001	0.070703	0.012108	0.010306	0.009562
632	0.009001	0.070703	0.011757	0.010138	0.009474
633	0.009001	0.070703	0.011964	0.010235	0.009533
634	0.009001	0.070703	0.012430	0.010475	0.009642
635	0.009001	0.070703	0.011575	0.010051	0.009445
636	0.009001	0.070703	0.011857	0.010179	0.009503
637	0.009001	0.070703	0.011839	0.010183	0.009503
638	0.009001	0.070703	0.011814	0.010173	0.009523
639	0.009001	0.070703	0.011844	0.010174	0.009503
640	0.009001	0.070703	0.012058	0.010285	0.009532
641	0.009001	0.070703	0.012165	0.010342	0.009563
642	0.009001	0.070703	0.011933	0.010234	0.009523
643	0.009001	0.070703	0.012001	0.010251	0.009533
644	0.009001	0.070703	0.011983	0.010255	0.009533
645	0.009001	0.070703	0.011737	0.010118	0.009474
646	0.009001	0.070703	0.011727	0.010137	0.009494
647	0.009001	0.070703	0.011675	0.010092	0.009473
648	0.009001	0.070703	0.011613	0.010066	0.009445
649	0.009001	0.070703	0.011360	0.009938	0.009415
650	0.009001	0.070703	0.011662	0.010086	0.009473
651	0.009001	0.070703	0.011620	0.010081	0.009465
652	0.009001	0.070703	0.011543	0.010025	0.009445
653	0.009001	0.070703	0.011719	0.010122	0.009474
654	0.009001	0.070703	0.011649	0.010081	0.009473
655	0.009001	0.070703	0.011794	0.010153	0.009503
656	0.009001	0.070703	0.011355	0.009947	0.009405
657	0.009001	0.070703	0.011455	0.009989	0.009416
658	0.009001	0.070703	0.011662	0.010086	0.009473
659	0.009001	0.070703	0.011398	0.009954	0.009415
660	0.009001	0.070703	0.011035	0.009780	0.009327
661	0.009001	0.070703	0.011306	0.009927	0.009406
662	0.009001	0.070703	0.011071	0.009795	0.009356
663	0.009001	0.070703	0.011555	0.010031	0.009445
664	0.009001	0.070703	0.011286	0.009907	0.009386
665	0.009001	0.070703	0.011543	0.010025	0.009445
666	0.009001	0.070703	0.011035	0.009780	0.009327
667	0.009001	0.070703	0.011475	0.010009	0.009436
668	0.009001	0.070703	0.011015	0.009760	0.009327
669	0.009001	0.070703	0.011261	0.009897	0.009386
670	0.009001	0.070703	0.011254	0.009882	0.009386
671	0.009001	0.070703	0.011046	0.009784	0.009326
672	0.009001	0.070703	0.011266	0.009887	0.009386
673	0.009001	0.070703	0.011042	0.009795	0.009347
674	0.009001	0.070703	0.011179	0.009851	0.009357
675	0.009001	0.070703	0.011311	0.009918	0.009386
676	0.009001	0.070703	0.010977	0.009744	0.009327
677	0.009001	0.070703	0.010940	0.009728	0.009326
678	0.009001	0.070703	0.011203	0.009861	0.009356
679	0.009001	0.070703	0.011136	0.009845	0.009376
680	0.009001	0.070703	0.011097	0.009805	0.009356
681	0.009001	0.070703	0.011348	0.009933	0.009385
682	0.009001	0.070703	0.011203	0.009861	0.009356
683	0.009001	0.070703	0.011360	0.009938	0.009415
684	0.009001	0.070703	0.011071	0.009795	0.009356
685	0.009001	0.070703	0.010740	0.009646	0.009289
686	0.009001	0.070703	0.010914	0.009718	0.009298
687	0.009001	0.070703	0.010770	0.009646	0.009268
688	0.009001	0.070703	0.010890	0.009708	0.009298
689	0.009001	0.070703	0.010820	0.009667	0.009298
690	0.009001	0.070703	0.010952	0.009734	0.009327
691	0.009001	0.070703	0.010733	0.009631	0.009269
692	0.009001	0.070703	0.010733	0.009631	0.009269
693	0.009001	0.070703	0.010878	0.009703	0.009318
694	0.009001	0.070703	0.010733	0.009631	0.009269
695	0.009001	0.070703	0.011109	0.009810	0.009356
696	0.009001	0.070703	0.010757	0.009641	0.009268
697	0.009001	0.070703	0.010827	0.009682	0.009298
698	0.009001	0.070703	0.010990	0.009749	0.009327
699	0.009001	0.070703	0.010733	0.009631	0.009269
700	0.009001	0.070703	0.010853	0.009693	0.009318
701	0.009001	0.070703	0.010997	0.009764	0.009327
702	0.009001	0.070703	0.010820	0.009667	0.009298
703	0.009001	0.070703	0.010601	0.009565	0.009239
704	0.009001	0.070703	0.010746	0.009637	0.009269
705	0.009001	0.070703	0.010720	0.009626	0.009269
706	0.009001	0.070703	0.010506	0.009514	0.009239
707	0.009001	0.070703	0.010613	0.009569	0.009238
708	0.009001	0.070703	0.010947	0.009743	0.009346
709	0.009001	0.070703	0.010782	0.009652	0.009298
710	0.009001	0.070703	0.010601	0.009565	0.009239
711	0.009001	0.070703	0.010324	0.009426	0.009179
712	0.009001	0.070703	0.010582	0.009545	0.009239
713	0.009001	0.070703	0.010625	0.009575	0.009239
714	0.009001	0.070703	0.010757	0.009641	0.009268
715	0.009001	0.070703	0.010576	0.009555	0.009239
716	0.009001	0.070703	0.010300	0.009417	0.009180
717	0.009001	0.070703	0.010494	0.009508	0.009239
718	0.009001	0.070703	0.010501	0.009523	0.009229
719	0.009001	0.070703	0.010481	0.009503	0.009209
720	0.009001	0.070703	0.010531	0.009524	0.009239
721	0.009001	0.070703	0.010506	0.009514	0.009239
722	0.009001	0.070703	0.010576	0.009555	0.009239
723	0.009001	0.070703	0.010613	0.009569	0.009238
724	0.009001	0.070703	0.010557	0.009535	0.009239
725	0.009001	0.070703	0.010287	0.009411	0.009180
726	0.009001	0.070703	0.010444	0.009488	0.009209
727	0.009001	0.070703	0.010362	0.009442	0.009209
728	0.009001	0.070703	0.010237	0.009390	0.009199
729	0.009001	0.070703	0.010519	0.009519	0.009239
730	0.009001	0.070703	0.010381	0.009462	0.009209
731	0.009001	0.070703	0.010494	0.009508	0.009238
732	0.009001	0.070703	0.010374	0.009447	0.009209
733	0.009001	0.070703	0.010387	0.009452	0.009209
734	0.009001	0.070703	0.010468	0.009498	0.009209
735	0.009001	0.070703	0.010394	0.009467	0.009209
736	0.009001	0.070703	0.010349	0.009437	0.009209
737	0.009001	0.070703	0.010336	0.009431	0.009179
738	0.009001	0.070703	0.010280	0.009397	0.009180
739	0.009001	0.070703	0.010356	0.009451	0.009199
740	0.009001	0.070703	0.010287	0.009411	0.009180
741	0.009001	0.070703	0.010336	0.009431	0.009179
742	0.009001	0.070703	0.010324	0.009426	0.009179
743	0.009001	0.070703	0.010519	0.009519	0.009239
744	0.009001	0.070703	0.010205	0.009365	0.009179
745	0.009001	0.070703	0.010349	0.009437	0.009209
746	0.009001	0.070703	0.010117	0.009329	0.009151
747	0.009001	0.070703	0.010255	0.009386	0.009180
748	0.009001	0.070703	0.010205	0.009365	0.009179
749	0.009001	0.070703	0.010287	0.009411	0.009180
750	0.009001	0.070703	0.010242	0.009381	0.009180
751	0.009001	0.070703	0.010287	0.009411	0.009180
752	0.009001	0.070703	0.010332	0.009442	0.009200
753	0.009001	0.070703	0.010123	0.009320	0.009151
754	0.009001	0.070703	0.010287	0.009411	0.009180
755	0.009001	0.070703	0.010217	0.009370	0.009179
756	0.009001	0.070703	0.010073	0.009299	0.009151
757	0.009001	0.070703	0.010155	0.009345	0.009151
758	0.009001	0.070703	0.010179	0.009355	0.009151
759	0.009001	0.070703	0.010300	0.009417	0.009180
760	0.009001	0.070703	0.010098	0.009309	0.009151
761	0.009001	0.070703	0.010300	0.009417	0.009180
762	0.009001	0.070703	0.010047	0.009288	0.009121
763	0.009001	0.070703	0.010085	0.009304	0.009151
764	0.009001	0.070703	0.010098	0.009309	0.009151
765	0.009001	0.070703	0.010179	0.009355	0.009151
766	0.009001	0.070703	0.010162	0.009360	0.009171
767	0.009001	0.070703	0.009953	0.009238	0.009121
768	0.009001	0.070703	0.010274	0.009406	0.009180
769	0.009001	0.070703	0.010047	0.009288	0.009121
770	0.009001	0.070703	0.010073	0.009299	0.009151
771	0.009001	0.070703	0.010168	0.009350	0.009151
772	0.009001	0.070703	0.010230	0.009376	0.009180
773	0.009001	0.070703	0.010155	0.009345	0.009151
774	0.009001	0.070703	0.009953	0.009238	0.009121
775	0.009001	0.070703	0.010117	0.009329	0.009151
776	0.009001	0.070703	0.009928	0.009227	0.009121
777	0.009001	0.070703	0.010060	0.009294	0.009151
778	0.009001	0.070703	0.010047	0.009288	0.009121
779	0.009001	0.070703	0.010098	0.009309	0.009151
780	0.009001	0.070703	0.010060	0.009294	0.009151
781	0.009001	0.070703	0.009960	0.009252	0.009121
782	0.009001	0.070703	0.010085	0.009304	0.009151
783	0.009001	0.070703	0.010199	0.009375	0.009171
784	0.009001	0.070703	0.009998	0.009268	0.009122
785	0.009001	0.070703	0.009871	0.009191	0.009091
786	0.009001	0.070703	0.009854	0.009197	0.009092
787	0.009001	0.070703	0.009998	0.009268	0.009122
788	0.009001	0.070703	0.010047	0.009288	0.009121
789	0.009001	0.070703	0.010085	0.009304	0.009151
790	0.009001	0.070703	0.010011	0.009273	0.009122
791	0.009001	0.070703	0.009903	0.009217	0.009092
792	0.009001	0.070703	0.010047	0.009288	0.009121
793	0.009001	0.070703	0.010047	0.009288	0.009121
794	0.009001	0.070703	0.010004	0.009259	0.009122
795	0.009001	0.070703	0.009903	0.009217	0.009092
796	0.009001	0.070703	0.009903	0.009217	0.009091
797	0.009001	0.070703	0.009973	0.009258	0.009121
798	0.009001	0.070703	0.010011	0.009273	0.009122
799	0.009001	0.070703	0.009903	0.009217	0.009091
800	0.009001	0.070703	0.009953	0.009238	0.009121
801	0.009001	0.070703	0.009879	0.009207	0.009092
802	0.009001	0.070703	0.009916	0.009222	0.009121
803	0.009001	0.070703	0.009966	0.009243	0.009122
804	0.009001	0.070703	0.009980	0.009272	0.009141
805	0.009001	0.070703	0.009890	0.009211	0.009091
806	0.009001	0.070703	0.009871	0.009191	0.009091
807	0.009001	0.070703	0.009948	0.009247	0.009121
808	0.009001	0.070703	0.009784	0.009156	0.009092
809	0.009001	0.070703	0.009809	0.009166	0.009092
810	0.009001	0.070703	0.009903	0.009217	0.009091
811	0.009001	0.070703	0.009916	0.009222	0.009121
812	0.009001	0.070703	0.009854	0.009197	0.009092
813	0.009001	0.070703	0.009953	0.009238	0.009121
814	0.009001	0.070703	0.009854	0.009197	0.009092
815	0.009001	0.070703	0.009854	0.009197	0.009092
816	0.009001	0.070703	0.009759	0.009145	0.009062
817	0.009001	0.070703	0.009941	0.009232	0.009121
818	0.009001	0.070703	0.009809	0.009166	0.009092
819	0.009001	0.070703	0.009816	0.009181	0.009092
820	0.009001	0.070703	0.009916	0.009222	0.009121
821	0.009001	0.070703	0.009784	0.009156	0.009092
822	0.009001	0.070703	0.009916	0.009222	0.009121
823	0.009001	0.070703	0.010023	0.009279	0.009122
824	0.009001	0.070703	0.009821	0.009171	0.009092
825	0.009001	0.070703	0.009734	0.009135	0.009063
826	0.009001	0.070703	0.009746	0.009140	0.009062
827	0.009001	0.070703	0.009890	0.009211	0.009091
828	0.009001	0.070703	0.009784	0.009156	0.009092
829	0.009001	0.070703	0.009746	0.009140	0.009062
830	0.009001	0.070703	0.009923	0.009237	0.009112
831	0.009001	0.070703	0.009866	0.009202	0.009092
832	0.009001	0.070703	0.009715	0.009115	0.009063
833	0.009001	0.070703	0.009854	0.009197	0.009092
834	0.009001	0.070703	0.009734	0.009135	0.009063
835	0.009001	0.070703	0.009809	0.009166	0.009092
836	0.009001	0.070703	0.009759	0.009145	0.009062
837	0.009001	0.070703	0.009828	0.009186	0.009092
838	0.009001	0.070703	0.009890	0.009211	0.009091
839	0.009001	0.070703	0.009677	0.009100	0.009062
840	0.009001	0.070703	0.009784	0.009156	0.009092
841	0.009001	0.070703	0.009709	0.009125	0.009062
842	0.009001	0.070703	0.009734	0.009135	0.009063
843	0.009001	0.070703	0.009677	0.009100	0.009062
844	0.009001	0.070703	0.009652	0.009089	0.009062
845	0.009001	0.070703	0.009973	0.009258	0.009121
846	0.009001	0.070703	0.009879	0.009207	0.009092
847	0.009001	0.070703	0.009759	0.009145	0.009062
848	0.009001	0.070703	0.009821	0.009171	0.009092
849	0.009001	0.070703	0.009697	0.009120	0.009062
850	0.009001	0.070703	0.009702	0.009110	0.009062
851	0.009001	0.070703	0.009709	0.009125	0.009062
852	0.009001	0.070703	0.009722	0.009130	0.009062
853	0.009001	0.070703	0.009690	0.009105	0.009062
854	0.009001	0.070703	0.009671	0.009109	0.009062
855	0.009001	0.070703	0.009809	0.009166	0.009092
856	0.009001	0.070703	0.009784	0.009156	0.009092
857	0.009001	0.070703	0.009841	0.009191	0.009092
858	0.009001	0.070703	0.009796	0.009161	0.009092
859	0.009001	0.070703	0.009722	0.009130	0.009062
860	0.009001	0.070703	0.009558	0.009039	0.009033
861	0.009001	0.070703	0.009866	0.009202	0.009092
862	0.009001	0.070703	0.009664	0.009094	0.009062
863	0.009001	0.070703	0.009841	0.009191	0.009092
864	0.009001	0.070703	0.009759	0.009145	0.009062
865	0.009001	0.070703	0.009804	0.009176	0.009112
866	0.009001	0.070703	0.009639	0.009084	0.009062
867	0.009001	0.070703	0.009828	0.009186	0.009092
868	0.009001	0.070703	0.009702	0.009110	0.009062
869	0.009001	0.070703	0.009684	0.009114	0.009062
870	0.009001	0.070703	0.009690	0.009105	0.009062
871	0.009001	0.070703	0.009696	0.009120	0.009062
872	0.009001	0.070703	0.009722	0.009130	0.009062
873	0.009001	0.070703	0.009639	0.009084	0.009062
874	0.009001	0.070703	0.009796	0.009161	0.009092
875	0.009001	0.070703	0.009627	0.009079	0.009062
876	0.009001	0.070703	0.009746	0.009140	0.009062
877	0.009001	0.070703	0.009734	0.009135	0.009063
878	0.009001	0.070703	0.009722	0.009130	0.009062
879	0.009001	0.070703	0.009690	0.009105	0.009062
880	0.009001	0.070703	0.009639	0.009084	0.009062
881	0.009001	0.070703	0.009614	0.009073	0.009032
882	0.009001	0.070703	0.009684	0.009114	0.009062
883	0.009001	0.070703	0.009664	0.009095	0.009062
884	0.009001	0.070703	0.009709	0.009125	0.009062
885	0.009001	0.070703	0.009690	0.009105	0.009062
886	0.009001	0.070703	0.009659	0.009104	0.009062
887	0.009001	0.070703	0.009690	0.009105	0.009062
888	0.009001	0.070703	0.009722	0.009130	0.009062
889	0.009001	0.070703	0.009722	0.009130	0.009062
890	0.009001	0.070703	0.009652	0.009089	0.009062
891	0.009001	0.070703	0.009601	0.009068	0.009032
892	0.009001	0.070703	0.009652	0.009089	0.009062
893	0.009001	0.070703	0.009614	0.009073	0.009032
894	0.009001	0.070703	0.009639	0.009084	0.009062
895	0.009001	0.070703	0.009659	0.009104	0.009062
896	0.009001	0.070703	0.009677	0.009100	0.009062
897	0.009001	0.070703	0.009627	0.009079	0.009062
898	0.009001	0.070703	0.009577	0.009059	0.009033
899	0.009001	0.070703	0.009664	0.009094	0.009062
900	0.009001	0.070703	0.009590	0.009064	0.009033
901	0.009001	0.070703	0.009590	0.009064	0.009033
902	0.009001	0.070703	0.009652	0.009089	0.009062
903	0.009001	0.070703	0.009614	0.009073	0.009032
904	0.009001	0.070703	0.009601	0.009068	0.009032
905	0.009001	0.070703	0.009614	0.009073	0.009032
906	0.009001	0.070703	0.009652	0.009089	0.009062
907	0.009001	0.070703	0.009722	0.009130	0.009062
908	0.009001	0.070703	0.009652	0.009089	0.009062
909	0.009001	0.070703	0.009697	0.009120	0.009062
910	0.009001	0.070703	0.009652	0.009089	0.009062
911	0.009001	0.070703	0.009627	0.009079	0.009062
912	0.009001	0.070703	0.009614	0.009073	0.009032
913	0.009001	0.070703	0.009746	0.009140	0.009062
914	0.009001	0.070703	0.009552	0.009048	0.009033
915	0.009001	0.070703	0.009570	0.009044	0.009033
916	0.009001	0.070703	0.009614	0.009073	0.009032
917	0.009001	0.070703	0.009716	0.009140	0.009082
918	0.009001	0.070703	0.009590	0.009064	0.009033
919	0.009001	0.070703	0.009664	0.009095	0.009062
920	0.009001	0.070703	0.009652	0.009089	0.009062
921	0.009001	0.070703	0.009684	0.009114	0.009062
922	0.009001	0.070703	0.009533	0.009028	0.009033
923	0.009001	0.070703	0.009590	0.009064	0.009033
924	0.009001	0.070703	0.023977	0.015146	0.012014
