Query	B+-Tree	Skan	Adaptive Merging	extendend Adaptive Merging	PCM Adaptive Merging
1	0.056002	0.086484	8.550579	2.622910	1.758618
2	0.056002	0.086484	8.470713	2.599961	1.748676
3	0.056002	0.086484	8.383377	2.573648	1.731095
4	0.056002	0.086484	8.294633	2.546773	1.713222
5	0.056002	0.086484	8.231473	2.527091	1.700077
6	0.056002	0.086484	8.128420	2.496849	1.679766
7	0.056002	0.086484	8.047246	2.472406	1.663547
8	0.056002	0.086484	7.975857	2.450257	1.648694
9	0.056002	0.086484	7.905727	2.429120	1.634581
10	0.056002	0.086484	7.845620	2.411463	1.622749
11	0.056002	0.086484	7.753524	2.383550	1.604192
12	0.056002	0.086484	7.661807	2.355969	1.585652
13	0.056002	0.086484	7.590477	2.334593	1.571481
14	0.056002	0.086484	7.494440	2.305622	1.552017
15	0.056002	0.086484	7.439843	2.289519	1.541262
16	0.056002	0.086484	7.368045	2.267958	1.526976
17	0.056002	0.086484	7.299144	2.246487	1.512636
18	0.056002	0.086484	7.208366	2.219217	1.494320
19	0.056002	0.086484	7.158173	2.204354	1.484470
20	0.056002	0.086484	7.072450	2.178640	1.467228
21	0.056002	0.086484	6.998470	2.156365	1.452256
22	0.056002	0.086484	6.925551	2.134586	1.437866
23	0.056002	0.086484	6.869561	2.117161	1.426256
24	0.056002	0.086484	6.811423	2.099960	1.414600
25	0.056002	0.086484	6.735220	2.077158	1.399408
26	0.056002	0.086484	6.670594	2.057854	1.386605
27	0.056002	0.086484	6.603737	2.038019	1.373287
28	0.056002	0.086484	6.521672	2.013304	1.356725
29	0.056002	0.086484	6.496671	2.005466	1.351606
30	0.056002	0.086484	6.409023	1.979183	1.334020
31	0.056002	0.086484	6.319136	1.951895	1.315807
32	0.056002	0.086484	6.277303	1.938858	1.307100
33	0.056002	0.086484	6.205177	1.917423	1.292709
34	0.056002	0.086484	6.161125	1.904524	1.284056
35	0.056002	0.086484	6.113687	1.889722	1.274149
36	0.056002	0.086484	6.037905	1.867000	1.259127
37	0.056002	0.086484	5.968426	1.846260	1.245263
38	0.056002	0.086484	5.890766	1.823072	1.229672
39	0.056002	0.086484	5.860698	1.813671	1.223410
40	0.056002	0.086484	5.773507	1.787384	1.205944
41	0.056002	0.086484	5.753216	1.781987	1.202240
42	0.056002	0.086484	5.683729	1.760206	1.187725
43	0.056002	0.086484	5.647156	1.749820	1.180729
44	0.056002	0.086484	5.576579	1.742749	1.162694
45	0.056002	0.086484	5.558128	1.738467	1.160447
46	0.056002	0.086484	5.502701	1.721927	1.149499
47	0.056002	0.086484	5.438138	1.702521	1.136552
48	0.056002	0.086484	5.396996	1.689667	1.128114
49	0.056002	0.086484	5.326481	1.668315	1.113969
50	0.056002	0.086484	5.243087	1.643062	1.097316
51	0.056002	0.086484	5.207548	1.631801	1.089841
52	0.056002	0.086484	5.161325	1.618241	1.081047
53	0.056002	0.086484	5.108863	1.601802	1.070098
54	0.056002	0.086484	5.069977	1.590453	1.062738
55	0.056002	0.086484	5.007960	1.571838	1.050420
56	0.056002	0.086484	4.967807	1.559184	1.041920
57	0.056002	0.086484	4.900207	1.538882	1.028689
58	0.056002	0.086484	4.866645	1.528301	1.021558
59	0.056002	0.086484	4.819530	1.514366	1.012438
60	0.056002	0.086484	4.775868	1.500631	1.003252
61	0.056002	0.086484	4.719469	1.483795	0.992126
62	0.056002	0.086484	4.680661	1.471694	0.984206
63	0.056002	0.086484	4.625682	1.455147	0.973309
64	0.056002	0.086484	4.577847	1.441065	0.963949
65	0.056002	0.086484	4.521511	1.423286	0.952264
66	0.056002	0.086484	4.489187	1.414098	0.946100
67	0.056002	0.086484	4.448823	1.401400	0.937716
68	0.056002	0.086484	4.405420	1.388584	0.929215
69	0.056002	0.086484	4.370940	1.377817	0.922146
70	0.056002	0.086484	4.325681	1.364445	0.913307
71	0.056002	0.086484	4.272935	1.347953	0.902478
72	0.056002	0.086484	4.221790	1.332648	0.892441
73	0.056002	0.086484	4.199620	1.325669	0.887824
74	0.056002	0.086484	4.143012	1.308801	0.876708
75	0.056002	0.086484	4.117124	1.300703	0.871239
76	0.056002	0.086484	4.077935	1.288336	0.863199
77	0.056002	0.086484	4.029993	1.274147	0.853797
78	0.056002	0.086484	3.999415	1.264636	0.847467
79	0.056002	0.086484	3.938956	1.246341	0.835383
80	0.056002	0.086484	3.924075	1.241854	0.832420
81	0.056002	0.086484	3.883898	1.230065	0.824725
82	0.056002	0.086484	3.834570	1.214448	0.814349
83	0.056002	0.086484	3.778714	1.197825	0.803403
84	0.056002	0.086484	3.778337	1.197845	0.803352
85	0.056002	0.086484	3.747884	1.188172	0.796908
86	0.056002	0.086484	3.712650	1.177937	0.790238
87	0.056002	0.086484	3.662587	1.162267	0.779808
88	0.056002	0.086484	3.608945	1.146274	0.769374
89	0.056002	0.086484	3.575429	1.135800	0.762364
90	0.056002	0.086484	3.555237	1.130271	0.758774
91	0.056002	0.086484	3.505783	1.114817	0.748513
92	0.056002	0.086484	3.446260	1.096892	0.736712
93	0.056002	0.086484	3.469912	1.104455	0.741673
94	0.056002	0.086484	3.422654	1.089439	0.731808
95	0.056002	0.086484	3.363412	1.071858	0.720129
96	0.056002	0.086484	3.343876	1.065592	0.716076
97	0.056002	0.086484	3.317353	1.057366	0.710553
98	0.056002	0.086484	3.271007	1.043587	0.701541
99	0.056002	0.086484	3.240105	1.033920	0.695045
100	0.056002	0.086484	3.210118	1.025489	0.689520
101	0.056002	0.086484	3.171306	1.013102	0.681361
102	0.056002	0.086484	3.139624	1.003278	0.674864
103	0.056002	0.086484	3.115313	0.996455	0.670420
104	0.056002	0.086484	3.099920	0.991680	0.667172
105	0.056002	0.086484	3.067178	0.981356	0.660328
106	0.056002	0.086484	3.033026	0.971527	0.653831
107	0.056002	0.086484	2.984853	0.956331	0.643916
108	0.056002	0.086484	2.975108	0.953252	0.641747
109	0.056002	0.086484	2.925559	0.938642	0.632285
110	0.056002	0.086484	2.910452	0.933926	0.629039
111	0.056002	0.086484	2.871734	0.922522	0.621568
112	0.056002	0.086484	2.850406	0.915993	0.617238
113	0.056002	0.086484	2.832408	0.910132	0.613362
114	0.056002	0.086484	2.798795	0.899732	0.606467
115	0.056002	0.086484	2.748116	0.884613	0.596427
116	0.056002	0.086484	2.744612	0.883538	0.595747
117	0.056002	0.086484	2.732965	0.879794	0.593353
118	0.056002	0.086484	2.728463	0.878513	0.592441
119	0.056002	0.086484	2.649173	0.854378	0.576594
120	0.056002	0.086484	2.656301	0.856650	0.577960
121	0.056002	0.086484	2.622436	0.846108	0.571071
122	0.056002	0.086484	2.568933	0.830144	0.560520
123	0.056002	0.086484	2.543963	0.822226	0.555389
124	0.056002	0.086484	2.543683	0.822173	0.555222
125	0.056002	0.086484	2.506516	0.811361	0.548207
126	0.056002	0.086484	2.488322	0.805647	0.544445
127	0.056002	0.086484	2.471449	0.800295	0.540740
128	0.056002	0.086484	2.436190	0.790148	0.534187
129	0.056002	0.086484	2.402130	0.779468	0.527174
130	0.056002	0.086484	2.368496	0.768876	0.520045
131	0.056002	0.086484	2.355012	0.765538	0.517941
132	0.056002	0.086484	2.326458	0.756525	0.511835
133	0.056002	0.086484	2.333781	0.758935	0.513496
134	0.056002	0.086484	2.324201	0.755791	0.511495
135	0.056002	0.086484	2.282379	0.742712	0.502892
136	0.056002	0.086484	2.257356	0.735747	0.498159
137	0.056002	0.086484	2.233424	0.728132	0.493200
138	0.056002	0.086484	2.214496	0.722365	0.489383
139	0.056002	0.086484	2.175311	0.710776	0.481743
140	0.056002	0.086484	2.171730	0.709681	0.481057
141	0.056002	0.086484	2.162246	0.706748	0.479007
142	0.056002	0.086484	2.147418	0.702086	0.475930
143	0.056002	0.086484	2.090086	0.684885	0.464644
144	0.056002	0.086484	2.083067	0.682725	0.463272
145	0.056002	0.086484	2.075373	0.680340	0.461566
146	0.056002	0.086484	2.036585	0.668150	0.453528
147	0.056002	0.086484	2.040518	0.669313	0.454383
148	0.056002	0.086484	2.002713	0.658374	0.447199
149	0.056002	0.086484	1.980730	0.651527	0.442583
150	0.056002	0.086484	1.969108	0.647694	0.440073
151	0.056002	0.086484	1.929702	0.636340	0.432492
152	0.056002	0.086484	1.920569	0.633476	0.430611
153	0.056002	0.086484	1.905558	0.628686	0.427420
154	0.056002	0.086484	1.899509	0.626814	0.426338
155	0.056002	0.086484	1.875949	0.619463	0.421381
156	0.056002	0.086484	1.855518	0.612923	0.417156
157	0.056002	0.086484	1.842901	0.609946	0.415222
158	0.056002	0.086484	1.803643	0.597571	0.406899
159	0.056002	0.086484	1.811884	0.600161	0.408727
160	0.056002	0.086484	1.773373	0.588024	0.400568
161	0.056002	0.086484	1.761791	0.585351	0.398860
162	0.056002	0.086484	1.757533	0.584027	0.398122
163	0.056002	0.086484	1.731055	0.575619	0.392532
164	0.056002	0.086484	1.726041	0.574050	0.391334
165	0.056002	0.086484	1.672379	0.558151	0.381023
166	0.056002	0.086484	1.678851	0.560106	0.382273
167	0.056002	0.086484	1.656939	0.553273	0.377657
168	0.056002	0.086484	1.651316	0.551489	0.376462
169	0.056002	0.086484	1.627636	0.544015	0.371670
170	0.056002	0.086484	1.624955	0.543200	0.370990
171	0.056002	0.086484	1.613237	0.539441	0.368595
172	0.056002	0.086484	1.589222	0.532861	0.364146
173	0.056002	0.086484	1.556134	0.522476	0.357310
174	0.056002	0.086484	1.556414	0.522529	0.357478
175	0.056002	0.086484	1.532382	0.514987	0.352346
176	0.056002	0.086484	1.522360	0.511855	0.350299
177	0.056002	0.086484	1.489427	0.502455	0.344140
178	0.056002	0.086484	1.483145	0.500348	0.342769
179	0.056002	0.086484	1.470552	0.496512	0.340208
180	0.056002	0.086484	1.456315	0.491873	0.337183
181	0.056002	0.086484	1.449629	0.489874	0.335931
182	0.056002	0.086484	1.464176	0.494484	0.338842
183	0.056002	0.086484	1.422610	0.482323	0.330805
184	0.056002	0.086484	1.422421	0.482191	0.330687
185	0.056002	0.086484	1.387612	0.471266	0.323620
186	0.056002	0.086484	1.377369	0.468084	0.321395
187	0.056002	0.086484	1.392365	0.472688	0.324529
188	0.056002	0.086484	1.369066	0.465485	0.319690
189	0.056002	0.086484	1.325872	0.452712	0.311361
190	0.056002	0.086484	1.347648	0.458749	0.315244
191	0.056002	0.086484	1.337333	0.456324	0.313583
192	0.056002	0.086484	1.325166	0.452571	0.311307
193	0.056002	0.086484	1.294360	0.442830	0.304695
194	0.056002	0.086484	1.302853	0.445562	0.306518
195	0.056002	0.086484	1.259362	0.431773	0.297511
196	0.056002	0.086484	1.246788	0.428900	0.295576
197	0.056002	0.086484	1.240252	0.426651	0.294093
198	0.056002	0.086484	1.240575	0.426807	0.294261
199	0.056002	0.086484	1.213014	0.418279	0.288566
200	0.056002	0.086484	1.201579	0.414578	0.286056
201	0.056002	0.086484	1.208520	0.416719	0.287592
202	0.056002	0.086484	1.191364	0.411308	0.284002
203	0.056002	0.086484	1.193882	0.412188	0.284632
204	0.056002	0.086484	1.153746	0.400502	0.276818
205	0.056002	0.086484	1.159398	0.402197	0.278016
206	0.056002	0.086484	1.129885	0.392901	0.271861
207	0.056002	0.086484	1.137013	0.395174	0.273226
208	0.056002	0.086484	1.115810	0.388482	0.268953
209	0.056002	0.086484	1.110653	0.386884	0.267754
210	0.056002	0.086484	1.106820	0.385647	0.267073
211	0.056002	0.086484	1.105287	0.385247	0.266730
212	0.056002	0.086484	1.077396	0.377328	0.261599
213	0.056002	0.086484	1.076106	0.376884	0.261260
214	0.056002	0.086484	1.058779	0.371532	0.257668
215	0.056002	0.086484	1.034918	0.363931	0.252710
216	0.056002	0.086484	1.046351	0.367632	0.255102
217	0.056002	0.086484	1.028537	0.361897	0.251338
218	0.056002	0.086484	1.033099	0.363472	0.252366
219	0.056002	0.086484	1.007734	0.355383	0.247068
220	0.056002	0.086484	1.008881	0.355798	0.247234
221	0.056002	0.086484	0.992500	0.351600	0.244502
222	0.056002	0.086484	0.982286	0.348330	0.242448
223	0.056002	0.086484	0.976188	0.346354	0.240961
224	0.056002	0.086484	0.951878	0.338759	0.236122
225	0.056002	0.086484	0.969177	0.344199	0.239713
226	0.056002	0.086484	0.938347	0.334547	0.233217
227	0.056002	0.086484	0.947760	0.337464	0.235266
228	0.056002	0.086484	0.918387	0.328197	0.228995
229	0.056002	0.086484	0.919466	0.328598	0.229280
230	0.056002	0.086484	0.915210	0.327279	0.228428
231	0.056002	0.086484	0.904500	0.324633	0.226769
232	0.056002	0.086484	0.881058	0.317084	0.221915
233	0.056002	0.086484	0.883952	0.317984	0.222598
234	0.056002	0.086484	0.888820	0.319588	0.223509
235	0.056002	0.086484	0.872886	0.314394	0.220194
236	0.056002	0.086484	0.863169	0.311099	0.218193
237	0.056002	0.086484	0.859097	0.309850	0.217452
238	0.056002	0.086484	0.844269	0.304990	0.214365
239	0.056002	0.086484	0.831981	0.300955	0.211675
240	0.056002	0.086484	0.841583	0.304132	0.213678
241	0.056002	0.086484	0.828357	0.299709	0.210817
242	0.056002	0.086484	0.819601	0.297803	0.209733
243	0.056002	0.086484	0.804490	0.292885	0.206532
244	0.056002	0.086484	0.806964	0.293695	0.207163
245	0.056002	0.086484	0.804276	0.292837	0.206530
246	0.056002	0.086484	0.794322	0.289581	0.204589
247	0.056002	0.086484	0.773073	0.282505	0.200015
248	0.056002	0.086484	0.771211	0.281918	0.199670
249	0.056002	0.086484	0.757934	0.277667	0.196870
250	0.056002	0.086484	0.756032	0.276983	0.196415
251	0.056002	0.086484	0.750383	0.275211	0.195331
252	0.056002	0.086484	0.738635	0.272196	0.193496
253	0.056002	0.086484	0.730254	0.269464	0.191609
254	0.056002	0.086484	0.730372	0.269581	0.191726
255	0.056002	0.086484	0.709589	0.262697	0.187321
256	0.056002	0.086484	0.717503	0.265238	0.189039
257	0.056002	0.086484	0.706228	0.261606	0.186640
258	0.056002	0.086484	0.705236	0.261391	0.186583
259	0.056002	0.086484	0.704180	0.260885	0.186294
260	0.056002	0.086484	0.691466	0.256756	0.183547
261	0.056002	0.086484	0.668616	0.249242	0.178918
262	0.056002	0.086484	0.686032	0.255030	0.182638
263	0.056002	0.086484	0.665650	0.248326	0.178234
264	0.056002	0.086484	0.659483	0.246255	0.177032
265	0.056002	0.086484	0.668006	0.249019	0.178749
266	0.056002	0.086484	0.652163	0.244847	0.176006
267	0.056002	0.086484	0.651457	0.244695	0.175952
268	0.056002	0.086484	0.633354	0.238662	0.172057
269	0.056002	0.086484	0.643382	0.241934	0.174288
270	0.056002	0.086484	0.639477	0.240632	0.173431
271	0.056002	0.086484	0.626154	0.236279	0.170686
272	0.056002	0.086484	0.621327	0.234777	0.169658
273	0.056002	0.086484	0.615660	0.232816	0.168459
274	0.056002	0.086484	0.602809	0.228660	0.165716
275	0.056002	0.086484	0.603064	0.228804	0.165830
276	0.056002	0.086484	0.588805	0.224069	0.162801
277	0.056002	0.086484	0.579343	0.220918	0.160912
278	0.056002	0.086484	0.594028	0.225747	0.163998
279	0.056002	0.086484	0.583929	0.222459	0.161767
280	0.056002	0.086484	0.579601	0.221067	0.160913
281	0.056002	0.086484	0.571929	0.218488	0.159369
282	0.056002	0.086484	0.567619	0.218097	0.159026
283	0.056002	0.086484	0.559123	0.215247	0.157311
284	0.056002	0.086484	0.558766	0.215168	0.157137
285	0.056002	0.086484	0.545234	0.210774	0.154395
286	0.056002	0.086484	0.546553	0.211149	0.154736
287	0.056002	0.086484	0.541682	0.209544	0.153708
288	0.056002	0.086484	0.535987	0.207670	0.152508
289	0.056002	0.086484	0.527326	0.204880	0.150624
290	0.056002	0.086484	0.517889	0.201643	0.148618
291	0.056002	0.086484	0.513789	0.200480	0.147877
292	0.056002	0.086484	0.511955	0.199807	0.147534
293	0.056002	0.086484	0.512850	0.200093	0.147706
294	0.056002	0.086484	0.500142	0.195968	0.144965
295	0.056002	0.086484	0.508731	0.198742	0.146848
296	0.056002	0.086484	0.501532	0.196359	0.145306
297	0.056002	0.086484	0.495271	0.194364	0.143936
298	0.056002	0.086484	0.491290	0.193040	0.143074
299	0.056002	0.086484	0.489244	0.192324	0.142617
300	0.056002	0.086484	0.475617	0.188814	0.140504
301	0.056002	0.086484	0.476907	0.189275	0.140845
302	0.056002	0.086484	0.473469	0.188163	0.139987
303	0.056002	0.086484	0.462151	0.184430	0.137758
304	0.056002	0.086484	0.469920	0.186939	0.139188
305	0.056002	0.086484	0.456857	0.182736	0.136561
306	0.056002	0.086484	0.459823	0.183651	0.137245
307	0.056002	0.086484	0.454595	0.181968	0.136043
308	0.056002	0.086484	0.439344	0.177017	0.132957
309	0.056002	0.086484	0.437250	0.176195	0.132495
310	0.056002	0.086484	0.430168	0.173929	0.131071
311	0.056002	0.086484	0.427883	0.173253	0.130557
312	0.056002	0.086484	0.434144	0.175248	0.131927
313	0.056002	0.086484	0.421956	0.171143	0.129240
314	0.056002	0.086484	0.429673	0.173824	0.130901
315	0.056002	0.086484	0.424259	0.172007	0.129870
316	0.056002	0.086484	0.414113	0.168617	0.127522
317	0.056002	0.086484	0.413127	0.168407	0.127470
318	0.056002	0.086484	0.413407	0.168465	0.127467
319	0.056002	0.086484	0.404137	0.165453	0.125585
320	0.056002	0.086484	0.409313	0.167029	0.126664
321	0.056002	0.086484	0.395658	0.163604	0.124381
322	0.056002	0.086484	0.401051	0.164414	0.124895
323	0.056002	0.086484	0.403547	0.165138	0.125465
324	0.056002	0.086484	0.386597	0.160634	0.122494
325	0.056002	0.086484	0.379183	0.158203	0.120951
326	0.056002	0.086484	0.388055	0.161040	0.122719
327	0.056002	0.086484	0.376174	0.157186	0.120438
328	0.056002	0.086484	0.369510	0.155010	0.118948
329	0.056002	0.086484	0.378574	0.157981	0.120952
330	0.056002	0.086484	0.365322	0.153644	0.118208
331	0.056002	0.086484	0.374194	0.156481	0.119976
332	0.056002	0.086484	0.351505	0.149187	0.115293
333	0.056002	0.086484	0.356143	0.150556	0.116203
334	0.056002	0.086484	0.354542	0.150117	0.115978
335	0.056002	0.086484	0.343009	0.146337	0.113576
336	0.056002	0.086484	0.358686	0.151382	0.116718
337	0.056002	0.086484	0.352471	0.149488	0.115465
338	0.056002	0.086484	0.346615	0.147394	0.114148
339	0.056002	0.086484	0.338682	0.144945	0.112552
340	0.056002	0.086484	0.341173	0.145663	0.112944
341	0.056002	0.086484	0.330653	0.142286	0.111003
342	0.056002	0.086484	0.330230	0.142197	0.110835
343	0.056002	0.086484	0.330678	0.142200	0.110887
344	0.056002	0.086484	0.329758	0.142000	0.110661
345	0.056002	0.086484	0.334654	0.143519	0.111744
346	0.056002	0.086484	0.323640	0.140036	0.109463
347	0.056002	0.086484	0.321403	0.139182	0.108828
348	0.056002	0.086484	0.318154	0.138204	0.108259
349	0.056002	0.086484	0.317355	0.137848	0.108142
350	0.056002	0.086484	0.311185	0.136869	0.107402
351	0.056002	0.086484	0.318931	0.138372	0.108314
352	0.056002	0.086484	0.316721	0.137711	0.108089
353	0.056002	0.086484	0.301726	0.133723	0.105401
354	0.056002	0.086484	0.306880	0.135386	0.106544
355	0.056002	0.086484	0.302830	0.134051	0.105570
356	0.056002	0.086484	0.299087	0.132968	0.105002
357	0.056002	0.086484	0.297207	0.132192	0.104541
358	0.056002	0.086484	0.293958	0.131214	0.103972
359	0.056002	0.086484	0.288360	0.129269	0.102656
360	0.056002	0.086484	0.285369	0.128440	0.102088
361	0.056002	0.086484	0.295488	0.131636	0.104198
362	0.056002	0.086484	0.279531	0.126534	0.100888
363	0.056002	0.086484	0.278403	0.126013	0.100598
364	0.056002	0.086484	0.286146	0.128608	0.102144
365	0.056002	0.086484	0.279559	0.126448	0.100889
366	0.056002	0.086484	0.271176	0.123716	0.099055
367	0.056002	0.086484	0.264094	0.121450	0.097631
368	0.056002	0.086484	0.276970	0.125520	0.100257
369	0.056002	0.086484	0.266631	0.122271	0.098141
370	0.056002	0.086484	0.268847	0.122937	0.098541
371	0.056002	0.086484	0.265690	0.121883	0.097851
372	0.056002	0.086484	0.260184	0.120142	0.096941
373	0.056002	0.086484	0.260138	0.120040	0.096824
374	0.056002	0.086484	0.258328	0.119560	0.096430
375	0.056002	0.086484	0.256491	0.118886	0.095970
376	0.056002	0.086484	0.258562	0.119516	0.096481
377	0.056002	0.086484	0.252627	0.117680	0.095225
378	0.056002	0.086484	0.252938	0.117657	0.095282
379	0.056002	0.086484	0.243778	0.114757	0.093394
380	0.056002	0.086484	0.239519	0.113375	0.092481
381	0.056002	0.086484	0.241477	0.113892	0.092882
382	0.056002	0.086484	0.254137	0.118194	0.095573
383	0.056002	0.086484	0.240911	0.113771	0.092711
384	0.056002	0.086484	0.246134	0.115449	0.093909
385	0.056002	0.086484	0.234576	0.111755	0.091453
386	0.056002	0.086484	0.243053	0.114416	0.093224
387	0.056002	0.086484	0.231636	0.110753	0.090823
388	0.056002	0.086484	0.232391	0.111008	0.091111
389	0.056002	0.086484	0.238083	0.112882	0.092194
390	0.056002	0.086484	0.231987	0.110827	0.090820
391	0.056002	0.086484	0.233072	0.111246	0.091282
392	0.056002	0.086484	0.220829	0.108126	0.089106
393	0.056002	0.086484	0.231026	0.110531	0.090653
394	0.056002	0.086484	0.217185	0.106973	0.088540
395	0.056002	0.086484	0.217605	0.107062	0.088591
396	0.056002	0.086484	0.220829	0.108126	0.089106
397	0.056002	0.086484	0.216075	0.106639	0.088365
398	0.056002	0.086484	0.216358	0.106703	0.088250
399	0.056002	0.086484	0.212591	0.105426	0.087390
400	0.056002	0.086484	0.211956	0.105289	0.087508
401	0.056002	0.086484	0.213343	0.105680	0.087561
402	0.056002	0.086484	0.205177	0.102995	0.085847
403	0.056002	0.086484	0.205509	0.103160	0.086137
404	0.056002	0.086484	0.204826	0.102922	0.085850
405	0.056002	0.086484	0.199697	0.101168	0.084820
406	0.056002	0.086484	0.207440	0.103764	0.086366
407	0.056002	0.086484	0.202895	0.102319	0.085621
408	0.056002	0.086484	0.199340	0.101089	0.084646
409	0.056002	0.086484	0.200163	0.101359	0.084817
410	0.056002	0.086484	0.197810	0.100667	0.084421
411	0.056002	0.086484	0.194216	0.099341	0.083622
412	0.056002	0.086484	0.195621	0.099920	0.083962
413	0.056002	0.086484	0.192964	0.098976	0.083446
414	0.056002	0.086484	0.193625	0.099306	0.083568
415	0.056002	0.086484	0.189883	0.097943	0.082762
416	0.056002	0.086484	0.180536	0.094910	0.080874
417	0.056002	0.086484	0.185127	0.096457	0.081734
418	0.056002	0.086484	0.187996	0.097442	0.082363
419	0.056002	0.086484	0.188565	0.097568	0.082421
420	0.056002	0.086484	0.184188	0.096069	0.081563
421	0.056002	0.086484	0.181217	0.095148	0.080873
422	0.056002	0.086484	0.181620	0.095329	0.081164
423	0.056002	0.086484	0.176675	0.093709	0.080017
424	0.056002	0.086484	0.181646	0.095243	0.081048
425	0.056002	0.086484	0.183337	0.095885	0.081390
426	0.056002	0.086484	0.178325	0.094249	0.080478
427	0.056002	0.086484	0.173875	0.092733	0.079330
428	0.056002	0.086484	0.177170	0.093814	0.080016
429	0.056002	0.086484	0.172513	0.092257	0.079160
430	0.056002	0.086484	0.176112	0.093588	0.079965
431	0.056002	0.086484	0.167900	0.090801	0.078134
432	0.056002	0.086484	0.171475	0.091939	0.078987
433	0.056002	0.086484	0.167032	0.090429	0.077962
434	0.056002	0.086484	0.168366	0.090992	0.078302
435	0.056002	0.086484	0.165217	0.089944	0.077735
436	0.056002	0.086484	0.170508	0.091637	0.078643
437	0.056002	0.086484	0.156038	0.086856	0.075730
438	0.056002	0.086484	0.165428	0.089991	0.077619
439	0.056002	0.086484	0.163380	0.089270	0.077273
440	0.056002	0.086484	0.159422	0.088139	0.076533
441	0.056002	0.086484	0.161195	0.088523	0.076762
442	0.056002	0.086484	0.159190	0.087904	0.076415
443	0.056002	0.086484	0.160695	0.088413	0.076586
444	0.056002	0.086484	0.157048	0.087259	0.075902
445	0.056002	0.086484	0.155332	0.086703	0.075677
446	0.056002	0.086484	0.158223	0.087602	0.076072
447	0.056002	0.086484	0.158695	0.087799	0.076246
448	0.056002	0.086484	0.150672	0.085146	0.074532
449	0.056002	0.086484	0.151024	0.085219	0.074701
450	0.056002	0.086484	0.150647	0.085232	0.074648
451	0.056002	0.086484	0.148767	0.084457	0.074188
452	0.056002	0.086484	0.151424	0.085400	0.074704
453	0.056002	0.086484	0.140403	0.082726	0.072984
454	0.056002	0.086484	0.141370	0.083027	0.073328
455	0.056002	0.086484	0.144362	0.083043	0.073329
456	0.056002	0.086484	0.147846	0.084257	0.074133
457	0.056002	0.086484	0.139909	0.082621	0.072985
458	0.056002	0.086484	0.141298	0.083012	0.073156
459	0.056002	0.086484	0.148015	0.084202	0.074018
460	0.056002	0.086484	0.148739	0.084543	0.074187
461	0.056002	0.086484	0.139937	0.082535	0.072986
462	0.056002	0.086484	0.138807	0.082293	0.072764
463	0.056002	0.086484	0.136356	0.081391	0.072127
464	0.056002	0.086484	0.136284	0.081376	0.072126
465	0.056002	0.086484	0.136356	0.081391	0.072127
466	0.056002	0.086484	0.136356	0.081391	0.072127
467	0.056002	0.086484	0.138504	0.082042	0.072646
468	0.056002	0.086484	0.137912	0.082007	0.072591
469	0.056002	0.086484	0.133956	0.080597	0.071784
470	0.056002	0.086484	0.130990	0.079682	0.071100
471	0.056002	0.086484	0.130661	0.079517	0.071098
472	0.056002	0.086484	0.129766	0.079231	0.070755
473	0.056002	0.086484	0.130661	0.079517	0.071098
474	0.056002	0.086484	0.124142	0.077372	0.069726
475	0.056002	0.086484	0.127956	0.078751	0.070532
476	0.056002	0.086484	0.128190	0.078707	0.070584
477	0.056002	0.086484	0.135208	0.080962	0.071960
478	0.056002	0.086484	0.128871	0.078945	0.070583
479	0.056002	0.086484	0.125295	0.077807	0.069900
480	0.056002	0.086484	0.124686	0.077585	0.069730
481	0.056002	0.086484	0.126471	0.078151	0.070069
482	0.056002	0.086484	0.124869	0.077712	0.069843
483	0.056002	0.086484	0.125038	0.077658	0.069899
484	0.056002	0.086484	0.124428	0.077435	0.069729
485	0.056002	0.086484	0.124000	0.077341	0.069554
486	0.056002	0.086484	0.119386	0.075885	0.068698
487	0.056002	0.086484	0.120238	0.076069	0.068871
488	0.056002	0.086484	0.120210	0.076155	0.068870
489	0.056002	0.086484	0.115905	0.074672	0.068012
490	0.056002	0.086484	0.119037	0.075812	0.068648
491	0.056002	0.086484	0.121133	0.076355	0.069043
492	0.056002	0.086484	0.118777	0.075663	0.068529
493	0.056002	0.086484	0.120990	0.076324	0.069042
494	0.056002	0.086484	0.115482	0.074582	0.067843
495	0.056002	0.086484	0.113648	0.073909	0.067499
496	0.056002	0.086484	0.117409	0.075180	0.068182
497	0.056002	0.086484	0.115905	0.074672	0.068012
498	0.056002	0.086484	0.116566	0.075002	0.068133
499	0.056002	0.086484	0.115691	0.074624	0.067839
500	0.056002	0.086484	0.111220	0.073201	0.066984
501	0.056002	0.086484	0.110819	0.073020	0.066810
502	0.056002	0.086484	0.114938	0.074370	0.067668
503	0.056002	0.086484	0.113104	0.073696	0.067324
504	0.056002	0.086484	0.111434	0.073248	0.066985
505	0.056002	0.086484	0.109100	0.072464	0.066467
506	0.056002	0.086484	0.107387	0.071914	0.066129
507	0.056002	0.086484	0.109575	0.072661	0.066759
508	0.056002	0.086484	0.105525	0.071326	0.065784
509	0.056002	0.086484	0.105553	0.071240	0.065786
510	0.056002	0.086484	0.107030	0.071835	0.066126
511	0.056002	0.086484	0.107667	0.071971	0.066296
512	0.056002	0.086484	0.106420	0.071612	0.065956
513	0.056002	0.086484	0.107338	0.071806	0.066124
514	0.056002	0.086484	0.109358	0.072613	0.066639
515	0.056002	0.086484	0.107667	0.071971	0.066296
516	0.056002	0.086484	0.099358	0.069255	0.064581
517	0.056002	0.086484	0.104021	0.070818	0.065442
518	0.056002	0.086484	0.105599	0.071342	0.065903
519	0.056002	0.086484	0.100797	0.069753	0.064757
520	0.056002	0.086484	0.102044	0.070112	0.065098
521	0.056002	0.086484	0.103406	0.070589	0.065267
522	0.056002	0.086484	0.101406	0.069976	0.064926
523	0.056002	0.086484	0.100863	0.069763	0.064752
524	0.056002	0.086484	0.098392	0.068953	0.064237
525	0.056002	0.086484	0.100468	0.069588	0.064755
526	0.056002	0.086484	0.099973	0.069483	0.064585
527	0.056002	0.086484	0.099501	0.069286	0.064582
528	0.056002	0.086484	0.099759	0.069436	0.064584
529	0.056002	0.086484	0.099009	0.069181	0.064531
530	0.056002	0.086484	0.099358	0.069255	0.064581
531	0.056002	0.086484	0.098649	0.069102	0.064410
532	0.056002	0.086484	0.097782	0.068731	0.064238
533	0.056002	0.086484	0.097568	0.068683	0.064066
534	0.056002	0.086484	0.099787	0.069350	0.064585
535	0.056002	0.086484	0.095640	0.068085	0.063726
536	0.056002	0.086484	0.100111	0.069509	0.064581
537	0.056002	0.086484	0.095240	0.067905	0.063724
538	0.056002	0.086484	0.096206	0.068206	0.063896
539	0.056002	0.086484	0.097288	0.068626	0.064069
540	0.056002	0.086484	0.092625	0.067063	0.063037
541	0.056002	0.086484	0.093878	0.067428	0.063383
542	0.056002	0.086484	0.094110	0.067663	0.063501
543	0.056002	0.086484	0.091621	0.066665	0.062870
544	0.056002	0.086484	0.095097	0.067873	0.063551
545	0.056002	0.086484	0.091736	0.066783	0.062870
546	0.056002	0.086484	0.094888	0.067831	0.063555
547	0.056002	0.086484	0.092768	0.067094	0.063209
548	0.056002	0.086484	0.092840	0.067110	0.063210
549	0.056002	0.086484	0.092983	0.067142	0.063211
550	0.056002	0.086484	0.092488	0.067037	0.063042
551	0.056002	0.086484	0.090368	0.066300	0.062695
552	0.056002	0.086484	0.091593	0.066751	0.062869
553	0.056002	0.086484	0.089545	0.066030	0.062524
554	0.056002	0.086484	0.091521	0.066735	0.062868
555	0.056002	0.086484	0.087969	0.065506	0.062181
556	0.056002	0.086484	0.093878	0.067428	0.063383
557	0.056002	0.086484	0.088696	0.065846	0.062297
558	0.056002	0.086484	0.089265	0.065972	0.062356
559	0.056002	0.086484	0.088979	0.065909	0.062354
560	0.056002	0.086484	0.087754	0.065458	0.062008
561	0.056002	0.086484	0.088507	0.065713	0.062179
562	0.056002	0.086484	0.089902	0.066109	0.062527
563	0.056002	0.086484	0.088649	0.065744	0.062352
564	0.056002	0.086484	0.086793	0.065162	0.061841
565	0.056002	0.086484	0.086579	0.065115	0.061840
566	0.056002	0.086484	0.084674	0.064426	0.061495
567	0.056002	0.086484	0.087073	0.065220	0.062009
568	0.056002	0.086484	0.087617	0.065432	0.062013
569	0.056002	0.086484	0.085283	0.064648	0.061494
570	0.056002	0.086484	0.085497	0.064696	0.061667
571	0.056002	0.086484	0.085426	0.064680	0.061667
572	0.056002	0.086484	0.086507	0.065099	0.061839
573	0.056002	0.086484	0.084817	0.064457	0.061496
574	0.056002	0.086484	0.085263	0.064740	0.061616
575	0.056002	0.086484	0.086793	0.065162	0.061841
576	0.056002	0.086484	0.084459	0.064378	0.061322
577	0.056002	0.086484	0.086793	0.065162	0.061841
578	0.056002	0.086484	0.085212	0.064632	0.061493
579	0.056002	0.086484	0.084136	0.064219	0.061326
580	0.056002	0.086484	0.084717	0.064527	0.061494
581	0.056002	0.086484	0.082274	0.063631	0.060982
582	0.056002	0.086484	0.080269	0.063012	0.060464
583	0.056002	0.086484	0.085426	0.064680	0.061667
584	0.056002	0.086484	0.084602	0.064410	0.061494
585	0.056002	0.086484	0.082532	0.063781	0.060983
586	0.056002	0.086484	0.082674	0.063812	0.060984
587	0.056002	0.086484	0.082955	0.063870	0.061152
588	0.056002	0.086484	0.081236	0.063314	0.060808
589	0.056002	0.086484	0.081851	0.063542	0.060812
590	0.056002	0.086484	0.079517	0.062758	0.060294
591	0.056002	0.086484	0.083498	0.064082	0.061155
592	0.056002	0.086484	0.082059	0.063584	0.060980
593	0.056002	0.086484	0.079517	0.062758	0.060294
594	0.056002	0.086484	0.082202	0.063615	0.060981
595	0.056002	0.086484	0.078530	0.062548	0.060242
596	0.056002	0.086484	0.079660	0.062789	0.060466
597	0.056002	0.086484	0.079731	0.062805	0.060466
598	0.056002	0.086484	0.077869	0.062218	0.059950
599	0.056002	0.086484	0.077589	0.062160	0.059954
600	0.056002	0.086484	0.080340	0.063028	0.060465
601	0.056002	0.086484	0.077331	0.062011	0.059952
602	0.056002	0.086484	0.077518	0.062144	0.059953
603	0.056002	0.086484	0.077331	0.062011	0.059952
604	0.056002	0.086484	0.078979	0.062551	0.060296
605	0.056002	0.086484	0.078198	0.062383	0.060123
606	0.056002	0.086484	0.078155	0.062281	0.060124
607	0.056002	0.086484	0.078693	0.062488	0.060122
608	0.056002	0.086484	0.078556	0.062462	0.060126
609	0.056002	0.086484	0.077117	0.061964	0.059950
610	0.056002	0.086484	0.076222	0.061678	0.059608
611	0.056002	0.086484	0.078012	0.062249	0.060122
612	0.056002	0.086484	0.077046	0.061948	0.059779
613	0.056002	0.086484	0.077188	0.061979	0.059951
614	0.056002	0.086484	0.077518	0.062144	0.059953
615	0.056002	0.086484	0.074860	0.061201	0.059438
616	0.056002	0.086484	0.076365	0.061709	0.059780
617	0.056002	0.086484	0.076150	0.061662	0.059607
618	0.056002	0.086484	0.076974	0.061932	0.059778
619	0.056002	0.086484	0.075870	0.061604	0.059610
620	0.056002	0.086484	0.074646	0.061153	0.059436
621	0.056002	0.086484	0.076411	0.061811	0.059897
622	0.056002	0.086484	0.074574	0.061138	0.059264
623	0.056002	0.086484	0.075327	0.061392	0.059435
624	0.056002	0.086484	0.077045	0.061948	0.059779
625	0.056002	0.086484	0.073893	0.060899	0.059265
626	0.056002	0.086484	0.072389	0.060391	0.058924
627	0.056002	0.086484	0.074008	0.061017	0.059265
628	0.056002	0.086484	0.074251	0.060978	0.059268
629	0.056002	0.086484	0.074223	0.061064	0.059267
630	0.056002	0.086484	0.074365	0.061096	0.059268
631	0.056002	0.086484	0.073965	0.060915	0.059266
632	0.056002	0.086484	0.071966	0.060301	0.058754
633	0.056002	0.086484	0.073141	0.060645	0.059094
634	0.056002	0.086484	0.075684	0.061471	0.059610
635	0.056002	0.086484	0.070928	0.059984	0.058581
636	0.056002	0.086484	0.072532	0.060422	0.058925
637	0.056002	0.086484	0.072432	0.060492	0.058923
638	0.056002	0.086484	0.072174	0.060343	0.058922
639	0.056002	0.086484	0.072460	0.060406	0.058924
640	0.056002	0.086484	0.073679	0.060852	0.059092
641	0.056002	0.086484	0.074294	0.061080	0.059268
642	0.056002	0.086484	0.072855	0.060582	0.058921
643	0.056002	0.086484	0.073355	0.060692	0.059096
644	0.056002	0.086484	0.073256	0.060763	0.059094
645	0.056002	0.086484	0.071851	0.060184	0.058754
646	0.056002	0.086484	0.071680	0.060238	0.058752
647	0.056002	0.086484	0.071494	0.060105	0.058751
648	0.056002	0.086484	0.071142	0.060031	0.058583
649	0.056002	0.086484	0.069703	0.059533	0.058407
650	0.056002	0.086484	0.071422	0.060089	0.058750
651	0.056002	0.086484	0.071070	0.060016	0.058582
652	0.056002	0.086484	0.070741	0.059851	0.058580
653	0.056002	0.086484	0.071751	0.060254	0.058752
654	0.056002	0.086484	0.071351	0.060073	0.058750
655	0.056002	0.086484	0.072174	0.060343	0.058922
656	0.056002	0.086484	0.069678	0.059619	0.058353
657	0.056002	0.086484	0.070247	0.059746	0.058411
658	0.056002	0.086484	0.071422	0.060089	0.058750
659	0.056002	0.086484	0.069917	0.059580	0.058409
660	0.056002	0.086484	0.067847	0.058951	0.057897
661	0.056002	0.086484	0.069280	0.059444	0.058238
662	0.056002	0.086484	0.068056	0.058993	0.058064
663	0.056002	0.086484	0.070813	0.059866	0.058581
664	0.056002	0.086484	0.069280	0.059444	0.058238
665	0.056002	0.086484	0.070741	0.059851	0.058580
666	0.056002	0.086484	0.067847	0.058951	0.057897
667	0.056002	0.086484	0.070247	0.059746	0.058411
668	0.056002	0.086484	0.067732	0.058834	0.057897
669	0.056002	0.086484	0.069137	0.059412	0.058237
670	0.056002	0.086484	0.069094	0.059310	0.058238
671	0.056002	0.086484	0.067913	0.058961	0.057892
672	0.056002	0.086484	0.069165	0.059326	0.058238
673	0.056002	0.086484	0.067775	0.058935	0.057896
674	0.056002	0.086484	0.068671	0.059221	0.058068
675	0.056002	0.086484	0.069423	0.059476	0.058240
676	0.056002	0.086484	0.067518	0.058786	0.057895
677	0.056002	0.086484	0.067303	0.058739	0.057893
678	0.056002	0.086484	0.068808	0.059247	0.058064
679	0.056002	0.086484	0.068313	0.059142	0.058065
680	0.056002	0.086484	0.068199	0.059025	0.058065
681	0.056002	0.086484	0.069632	0.059517	0.058236
682	0.056002	0.086484	0.068808	0.059247	0.058064
683	0.056002	0.086484	0.069703	0.059533	0.058407
684	0.056002	0.086484	0.068056	0.058993	0.058064
685	0.056002	0.086484	0.066056	0.058380	0.057553
686	0.056002	0.086484	0.067160	0.058707	0.057721
687	0.056002	0.086484	0.066337	0.058437	0.057550
688	0.056002	0.086484	0.067023	0.058681	0.057725
689	0.056002	0.086484	0.066622	0.058500	0.057723
690	0.056002	0.086484	0.067375	0.058755	0.057894
691	0.056002	0.086484	0.066128	0.058395	0.057554
692	0.056002	0.086484	0.066128	0.058395	0.057554
693	0.056002	0.086484	0.066837	0.058548	0.057725
694	0.056002	0.086484	0.066128	0.058395	0.057554
695	0.056002	0.086484	0.068270	0.059040	0.058066
696	0.056002	0.086484	0.066265	0.058421	0.057549
697	0.056002	0.086484	0.066666	0.058602	0.057722
698	0.056002	0.086484	0.067589	0.058802	0.057896
699	0.056002	0.086484	0.066128	0.058395	0.057554
700	0.056002	0.086484	0.066694	0.058516	0.057724
701	0.056002	0.086484	0.067632	0.058904	0.057895
702	0.056002	0.086484	0.066622	0.058500	0.057723
703	0.056002	0.086484	0.065376	0.058141	0.057382
704	0.056002	0.086484	0.066199	0.058411	0.057554
705	0.056002	0.086484	0.066056	0.058380	0.057553
706	0.056002	0.086484	0.064832	0.057929	0.057378
707	0.056002	0.086484	0.065441	0.058151	0.057377
708	0.056002	0.086484	0.067232	0.058723	0.057893
709	0.056002	0.086484	0.066408	0.058453	0.057721
710	0.056002	0.086484	0.065376	0.058141	0.057382
711	0.056002	0.086484	0.063912	0.057729	0.057152
712	0.056002	0.086484	0.065261	0.058023	0.057382
713	0.056002	0.086484	0.065513	0.058167	0.057378
714	0.056002	0.086484	0.066265	0.058421	0.057549
715	0.056002	0.086484	0.065233	0.058109	0.057381
716	0.056002	0.086484	0.063657	0.057585	0.057039
717	0.056002	0.086484	0.064761	0.057913	0.057378
718	0.056002	0.086484	0.064689	0.057897	0.057206
719	0.056002	0.086484	0.064689	0.057897	0.057206
720	0.056002	0.086484	0.064975	0.057960	0.057380
721	0.056002	0.086484	0.064832	0.057929	0.057378
722	0.056002	0.086484	0.065233	0.058109	0.057381
723	0.056002	0.086484	0.065441	0.058151	0.057377
724	0.056002	0.086484	0.065118	0.057992	0.057381
725	0.056002	0.086484	0.063585	0.057569	0.057038
726	0.056002	0.086484	0.064480	0.057855	0.057210
727	0.056002	0.086484	0.064008	0.057659	0.057207
728	0.056002	0.086484	0.063185	0.057388	0.057036
729	0.056002	0.086484	0.064904	0.057944	0.057379
730	0.056002	0.086484	0.064123	0.057776	0.057207
731	0.056002	0.086484	0.064761	0.057913	0.057378
732	0.056002	0.086484	0.064080	0.057674	0.057208
733	0.056002	0.086484	0.064151	0.057690	0.057208
734	0.056002	0.086484	0.064618	0.057881	0.057206
735	0.056002	0.086484	0.064195	0.057792	0.057208
736	0.056002	0.086484	0.063937	0.057643	0.057207
737	0.056002	0.086484	0.063865	0.057627	0.057035
738	0.056002	0.086484	0.063542	0.057468	0.057039
739	0.056002	0.086484	0.063865	0.057627	0.057035
740	0.056002	0.086484	0.063585	0.057569	0.057038
741	0.056002	0.086484	0.063865	0.057627	0.057035
742	0.056002	0.086484	0.063794	0.057611	0.057034
743	0.056002	0.086484	0.064904	0.057944	0.057379
744	0.056002	0.086484	0.063113	0.057373	0.057035
745	0.056002	0.086484	0.063937	0.057643	0.057207
746	0.056002	0.086484	0.062619	0.057268	0.056866
747	0.056002	0.086484	0.063399	0.057436	0.057038
748	0.056002	0.086484	0.063113	0.057373	0.057035
749	0.056002	0.086484	0.063585	0.057569	0.057038
750	0.056002	0.086484	0.063327	0.057420	0.057037
751	0.056002	0.086484	0.063585	0.057569	0.057038
752	0.056002	0.086484	0.063728	0.057601	0.057039
753	0.056002	0.086484	0.062647	0.057182	0.056867
754	0.056002	0.086484	0.063585	0.057569	0.057038
755	0.056002	0.086484	0.063185	0.057388	0.057036
756	0.056002	0.086484	0.062361	0.057118	0.056865
757	0.056002	0.086484	0.062833	0.057315	0.056868
758	0.056002	0.086484	0.062970	0.057341	0.056863
759	0.056002	0.086484	0.063657	0.057585	0.057039
760	0.056002	0.086484	0.062504	0.057150	0.056866
761	0.056002	0.086484	0.063657	0.057585	0.057039
762	0.056002	0.086484	0.062218	0.057087	0.056692
763	0.056002	0.086484	0.062432	0.057134	0.056865
764	0.056002	0.086484	0.062504	0.057150	0.056866
765	0.056002	0.086484	0.062970	0.057341	0.056863
766	0.056002	0.086484	0.062761	0.057299	0.056867
767	0.056002	0.086484	0.061680	0.056880	0.056694
768	0.056002	0.086484	0.063514	0.057554	0.057038
769	0.056002	0.086484	0.062218	0.057087	0.056692
770	0.056002	0.086484	0.062361	0.057118	0.056865
771	0.056002	0.086484	0.062904	0.057331	0.056868
772	0.056002	0.086484	0.063256	0.057404	0.057036
773	0.056002	0.086484	0.062833	0.057315	0.056868
774	0.056002	0.086484	0.061680	0.056880	0.056694
775	0.056002	0.086484	0.062619	0.057268	0.056866
776	0.056002	0.086484	0.061537	0.056848	0.056692
777	0.056002	0.086484	0.062289	0.057103	0.056864
778	0.056002	0.086484	0.062218	0.057087	0.056692
779	0.056002	0.086484	0.062504	0.057150	0.056866
780	0.056002	0.086484	0.062289	0.057103	0.056864
781	0.056002	0.086484	0.061723	0.056982	0.056693
782	0.056002	0.086484	0.062432	0.057134	0.056865
783	0.056002	0.086484	0.062970	0.057341	0.056863
784	0.056002	0.086484	0.061938	0.057029	0.056695
785	0.056002	0.086484	0.061208	0.056683	0.056520
786	0.056002	0.086484	0.061114	0.056759	0.056523
787	0.056002	0.086484	0.061938	0.057029	0.056695
788	0.056002	0.086484	0.062218	0.057087	0.056692
789	0.056002	0.086484	0.062432	0.057134	0.056865
790	0.056002	0.086484	0.062009	0.057045	0.056695
791	0.056002	0.086484	0.061394	0.056817	0.056520
792	0.056002	0.086484	0.062218	0.057087	0.056692
793	0.056002	0.086484	0.062218	0.057087	0.056692
794	0.056002	0.086484	0.061966	0.056943	0.056696
795	0.056002	0.086484	0.061394	0.056817	0.056520
796	0.056002	0.086484	0.061394	0.056817	0.056520
797	0.056002	0.086484	0.061795	0.056998	0.056694
798	0.056002	0.086484	0.062009	0.057045	0.056695
799	0.056002	0.086484	0.061394	0.056817	0.056520
800	0.056002	0.086484	0.061680	0.056880	0.056694
801	0.056002	0.086484	0.061257	0.056791	0.056525
802	0.056002	0.086484	0.061466	0.056833	0.056692
803	0.056002	0.086484	0.061751	0.056896	0.056694
804	0.056002	0.086484	0.061723	0.056982	0.056693
805	0.056002	0.086484	0.061323	0.056801	0.056520
806	0.056002	0.086484	0.061208	0.056683	0.056520
807	0.056002	0.086484	0.061652	0.056966	0.056692
808	0.056002	0.086484	0.060713	0.056578	0.056521
809	0.056002	0.086484	0.060856	0.056610	0.056522
810	0.056002	0.086484	0.061394	0.056817	0.056520
811	0.056002	0.086484	0.061466	0.056833	0.056692
812	0.056002	0.086484	0.061114	0.056759	0.056524
813	0.056002	0.086484	0.061680	0.056880	0.056694
814	0.056002	0.086484	0.061114	0.056759	0.056523
815	0.056002	0.086484	0.061114	0.056759	0.056523
816	0.056002	0.086484	0.060570	0.056547	0.056349
817	0.056002	0.086484	0.061609	0.056864	0.056693
818	0.056002	0.086484	0.060856	0.056610	0.056522
819	0.056002	0.086484	0.060900	0.056712	0.056522
820	0.056002	0.086484	0.061466	0.056833	0.056692
821	0.056002	0.086484	0.060713	0.056578	0.056521
822	0.056002	0.086484	0.061466	0.056833	0.056692
823	0.056002	0.086484	0.062081	0.057061	0.056696
824	0.056002	0.086484	0.060928	0.056626	0.056523
825	0.056002	0.086484	0.060433	0.056521	0.056353
826	0.056002	0.086484	0.060499	0.056531	0.056348
827	0.056002	0.086484	0.061323	0.056801	0.056520
828	0.056002	0.086484	0.060713	0.056578	0.056521
829	0.056002	0.086484	0.060499	0.056531	0.056348
830	0.056002	0.086484	0.061394	0.056817	0.056520
831	0.056002	0.086484	0.061185	0.056775	0.056524
832	0.056002	0.086484	0.060318	0.056403	0.056353
833	0.056002	0.086484	0.061114	0.056759	0.056523
834	0.056002	0.086484	0.060433	0.056521	0.056353
835	0.056002	0.086484	0.060856	0.056610	0.056522
836	0.056002	0.086484	0.060570	0.056547	0.056349
837	0.056002	0.086484	0.060971	0.056728	0.056522
838	0.056002	0.086484	0.061323	0.056801	0.056520
839	0.056002	0.086484	0.060104	0.056356	0.056352
840	0.056002	0.086484	0.060713	0.056578	0.056521
841	0.056002	0.086484	0.060290	0.056489	0.056352
842	0.056002	0.086484	0.060433	0.056521	0.056353
843	0.056002	0.086484	0.060104	0.056356	0.056352
844	0.056002	0.086484	0.059961	0.056324	0.056350
845	0.056002	0.086484	0.061795	0.056998	0.056694
846	0.056002	0.086484	0.061257	0.056791	0.056525
847	0.056002	0.086484	0.060570	0.056547	0.056349
848	0.056002	0.086484	0.060928	0.056626	0.056523
849	0.056002	0.086484	0.060219	0.056473	0.056352
850	0.056002	0.086484	0.060247	0.056387	0.056353
851	0.056002	0.086484	0.060290	0.056489	0.056352
852	0.056002	0.086484	0.060479	0.056623	0.056471
853	0.056002	0.086484	0.060175	0.056372	0.056352
854	0.056002	0.086484	0.060076	0.056442	0.056350
855	0.056002	0.086484	0.060856	0.056610	0.056522
856	0.056002	0.086484	0.060713	0.056578	0.056521
857	0.056002	0.086484	0.061042	0.056743	0.056523
858	0.056002	0.086484	0.060785	0.056594	0.056522
859	0.056002	0.086484	0.060362	0.056505	0.056353
860	0.056002	0.086484	0.059423	0.056117	0.056182
861	0.056002	0.086484	0.061185	0.056775	0.056524
862	0.056002	0.086484	0.060032	0.056340	0.056351
863	0.056002	0.086484	0.061042	0.056743	0.056523
864	0.056002	0.086484	0.060570	0.056547	0.056349
865	0.056002	0.086484	0.060713	0.056578	0.056521
866	0.056002	0.086484	0.059890	0.056308	0.056350
867	0.056002	0.086484	0.060971	0.056728	0.056522
868	0.056002	0.086484	0.060247	0.056387	0.056353
869	0.056002	0.086484	0.060147	0.056458	0.056351
870	0.056002	0.086484	0.060175	0.056372	0.056352
871	0.056002	0.086484	0.060219	0.056473	0.056352
872	0.056002	0.086484	0.060362	0.056505	0.056353
873	0.056002	0.086484	0.059890	0.056308	0.056350
874	0.056002	0.086484	0.060785	0.056594	0.056522
875	0.056002	0.086484	0.059818	0.056293	0.056349
876	0.056002	0.086484	0.060499	0.056531	0.056348
877	0.056002	0.086484	0.060433	0.056521	0.056353
878	0.056002	0.086484	0.060362	0.056505	0.056353
879	0.056002	0.086484	0.060175	0.056372	0.056352
880	0.056002	0.086484	0.059890	0.056308	0.056350
881	0.056002	0.086484	0.059747	0.056277	0.056178
882	0.056002	0.086484	0.060147	0.056458	0.056351
883	0.056002	0.086484	0.060032	0.056340	0.056351
884	0.056002	0.086484	0.060290	0.056489	0.056352
885	0.056002	0.086484	0.060175	0.056372	0.056352
886	0.056002	0.086484	0.060004	0.056426	0.056350
887	0.056002	0.086484	0.060175	0.056372	0.056352
888	0.056002	0.086484	0.060362	0.056505	0.056353
889	0.056002	0.086484	0.060362	0.056505	0.056353
890	0.056002	0.086484	0.059961	0.056324	0.056350
891	0.056002	0.086484	0.059675	0.056261	0.056177
892	0.056002	0.086484	0.059961	0.056324	0.056350
893	0.056002	0.086484	0.059747	0.056277	0.056178
894	0.056002	0.086484	0.059890	0.056308	0.056350
895	0.056002	0.086484	0.060004	0.056426	0.056350
896	0.056002	0.086484	0.060104	0.056356	0.056352
897	0.056002	0.086484	0.059818	0.056293	0.056349
898	0.056002	0.086484	0.059538	0.056235	0.056182
899	0.056002	0.086484	0.060032	0.056340	0.056351
900	0.056002	0.086484	0.059609	0.056251	0.056182
901	0.056002	0.086484	0.059609	0.056251	0.056182
902	0.056002	0.086484	0.059961	0.056324	0.056350
903	0.056002	0.086484	0.059747	0.056277	0.056178
904	0.056002	0.086484	0.059675	0.056261	0.056177
905	0.056002	0.086484	0.059747	0.056277	0.056178
906	0.056002	0.086484	0.059961	0.056324	0.056350
907	0.056002	0.086484	0.060362	0.056505	0.056353
908	0.056002	0.086484	0.059961	0.056324	0.056350
909	0.056002	0.086484	0.060219	0.056473	0.056352
910	0.056002	0.086484	0.059961	0.056324	0.056350
911	0.056002	0.086484	0.059818	0.056292	0.056349
912	0.056002	0.086484	0.059747	0.056277	0.056178
913	0.056002	0.086484	0.060499	0.056531	0.056348
914	0.056002	0.086484	0.059395	0.056203	0.056180
915	0.056002	0.086484	0.059494	0.056133	0.056182
916	0.056002	0.086484	0.059747	0.056277	0.056178
917	0.056002	0.086484	0.060219	0.056473	0.056352
918	0.056002	0.086484	0.059609	0.056251	0.056182
919	0.056002	0.086484	0.060032	0.056340	0.056351
920	0.056002	0.086484	0.059961	0.056324	0.056350
921	0.056002	0.086484	0.060147	0.056458	0.056351
922	0.056002	0.086484	0.059280	0.056086	0.056180
923	0.056002	0.086484	0.059609	0.056251	0.056182
924	0.056002	0.086484	0.141516	0.081977	0.073459
