Query	FD-Tree	Skan	Adaptive Merging	Lazy Adaptive Merging
1	0.121520	0.189336	2.711587	2.177077
2	0.121520	0.189336	2.983374	2.450530
3	0.121520	0.189336	3.240076	2.708044
4	0.121520	0.189336	4.381388	3.851036
5	0.121520	0.189336	3.877180	3.347626
6	0.121520	0.189336	4.103879	3.575976
7	0.121520	0.189336	3.170458	2.643326
8	0.121520	0.189336	3.365347	2.829591
9	0.121520	0.189336	3.592031	3.057101
10	0.121520	0.189336	3.821570	3.288292
11	0.121520	0.189336	2.190675	4.658209
12	0.121520	0.189336	3.103666	2.572866
13	0.121520	0.189336	3.305987	2.775999
14	0.121520	0.189336	3.470200	3.018447
15	0.121520	0.189336	2.442110	1.990294
16	0.121520	0.189336	3.645276	3.195154
17	0.121520	0.189336	2.261737	2.802963
18	0.121520	0.189336	2.670573	2.213451
19	0.121520	0.189336	3.178531	2.722221
20	0.121520	0.189336	3.210268	2.754770
21	0.121520	0.189336	3.594396	3.142585
22	0.121520	0.189336	2.192877	2.736148
23	0.121520	0.189336	2.778101	2.325067
24	0.121520	0.189336	3.110789	2.659407
25	0.121520	0.189336	2.321584	1.871028
26	0.121520	0.189336	3.082534	2.623326
27	0.121520	0.189336	3.364550	2.906154
28	0.121520	0.189336	2.325513	2.867964
29	0.121520	0.189336	2.813465	2.356742
30	0.121520	0.189336	2.931417	2.476325
31	0.121520	0.189336	2.196003	1.818299
32	0.121520	0.189336	2.942848	2.565998
33	0.121520	0.189336	3.075871	2.699819
34	0.121520	0.189336	2.391901	2.016689
35	0.121520	0.189336	2.136809	1.762416
36	0.121520	0.189336	2.416000	2.042398
37	0.121520	0.189336	2.706509	2.324269
38	0.121520	0.189336	2.985683	2.604262
39	0.121520	0.189336	2.018521	1.629439
40	0.121520	0.189336	3.096164	2.724840
41	0.121520	0.189336	4.541213	4.162263
42	0.121520	0.189336	2.373557	1.995432
43	0.121520	0.189336	2.080221	1.702895
44	0.121520	0.189336	2.392225	2.015725
45	0.121520	0.189336	2.912287	2.536655
46	0.121520	0.189336	1.963890	1.589070
47	0.121520	0.189336	3.024643	2.656358
48	0.121520	0.189336	2.498618	2.109325
49	0.121520	0.189336	1.970329	1.588481
50	0.121520	0.189336	2.271124	1.890095
51	0.121520	0.189336	2.433172	2.052136
52	0.121520	0.189336	1.909274	1.529036
53	0.121520	0.189336	2.569904	2.190520
54	0.121520	0.189336	2.971240	2.669230
55	0.121520	0.189336	1.804473	1.503324
56	0.121520	0.189336	2.425336	2.116498
57	0.121520	0.189336	2.173614	1.882576
58	0.121520	0.189336	1.630980	1.332288
59	0.121520	0.189336	2.288839	1.990105
60	0.121520	0.189336	1.766802	1.468880
61	0.121520	0.189336	2.416209	2.119099
62	0.121520	0.189336	2.839756	2.542604
63	0.121520	0.189336	1.585809	1.280929
64	0.121520	0.189336	2.656417	2.365803
65	0.121520	0.189336	1.727257	1.423210
66	0.121520	0.189336	1.785360	1.482132
67	0.121520	0.189336	1.691559	1.393025
68	0.121520	0.189336	2.127381	1.820221
69	0.121520	0.189336	2.535841	2.234209
70	0.121520	0.189336	1.390695	1.089931
71	0.121520	0.189336	2.727876	2.427910
72	0.121520	0.189336	1.551805	1.254687
73	0.121520	0.189336	2.532528	2.230491
74	0.121520	0.189336	1.494570	1.196256
75	0.121520	0.189336	1.953789	1.656301
76	0.121520	0.189336	1.426099	1.128583
77	0.121520	0.189336	2.141095	1.834969
78	0.121520	0.189336	1.417633	1.109451
79	0.121520	0.189336	2.365903	2.063457
80	0.121520	0.189336	1.382886	1.077593
81	0.121520	0.189336	2.633925	2.330263
82	0.121520	0.189336	1.367801	1.064118
83	0.121520	0.189336	3.811117	3.584843
84	0.121520	0.189336	1.385866	1.159599
85	0.121520	0.189336	1.706322	1.480881
86	0.121520	0.189336	1.227444	1.001940
87	0.121520	0.189336	2.081087	1.857312
88	0.121520	0.189336	1.160833	0.937037
89	0.121520	0.189336	1.381010	1.158026
90	0.121520	0.189336	2.017277	1.794237
91	0.121520	0.189336	1.464370	1.242177
92	0.121520	0.189336	2.203700	2.002099
93	0.121520	0.189336	1.230970	0.998344
94	0.121520	0.189336	4.943823	4.714837
95	0.121520	0.189336	1.156916	0.936312
96	0.121520	0.189336	1.298335	1.069198
97	0.121520	0.189336	1.493283	1.265826
98	0.121520	0.189336	1.244909	1.018327
99	0.121520	0.189336	1.853047	1.626402
100	0.121520	0.189336	1.106202	0.877578
101	0.121520	0.189336	1.287896	1.064939
102	0.121520	0.189336	1.898889	1.673987
103	0.121520	0.189336	1.188569	0.963633
104	0.121520	0.189336	2.310235	2.086180
105	0.121520	0.189336	1.062025	0.837893
106	0.121520	0.189336	1.270951	1.047694
107	0.121520	0.189336	2.889028	2.665764
108	0.121520	0.189336	1.163130	0.940706
109	0.121520	0.189336	1.596096	1.373637
110	0.121520	0.189336	0.929743	0.708159
111	0.121520	0.189336	1.126522	0.904945
112	0.121520	0.189336	1.762774	1.571207
113	0.121520	0.189336	1.060962	0.811062
114	0.121520	0.189336	1.008345	0.778767
115	0.121520	0.189336	2.009189	1.779618
116	0.121520	0.189336	1.004609	0.775031
117	0.121520	0.189336	1.234162	1.007446
118	0.121520	0.189336	1.997909	1.766303
119	0.121520	0.189336	0.998900	0.771030
120	0.121520	0.189336	1.225682	1.000625
121	0.121520	0.189336	2.906397	2.676492
122	0.121520	0.189336	0.913844	0.763341
123	0.121520	0.189336	0.901600	0.754854
124	0.121520	0.189336	1.410508	1.257998
125	0.121520	0.189336	0.781659	0.631969
126	0.121520	0.189336	0.980314	0.831560
127	0.121520	0.189336	1.670961	1.522103
128	0.121520	0.189336	0.741301	0.606793
129	0.121520	0.189336	1.006497	0.858465
130	0.121520	0.189336	0.873359	0.726300
131	0.121520	0.189336	1.657708	1.510551
132	0.121520	0.189336	0.875278	0.728170
133	0.121520	0.189336	0.857422	0.710258
134	0.121520	0.189336	2.068142	1.921874
135	0.121520	0.189336	0.740239	0.593894
136	0.121520	0.189336	0.965145	0.819759
137	0.121520	0.189336	0.862025	0.716583
138	0.121520	0.189336	2.681814	2.537254
139	0.121520	0.189336	0.838587	0.694027
140	0.121520	0.189336	0.792589	0.686449
141	0.121520	0.189336	0.891049	0.707915
142	0.121520	0.189336	1.206846	1.063028
143	0.121520	0.189336	0.737258	0.593405
144	0.121520	0.189336	0.841344	0.697477
145	0.121520	0.189336	1.561936	1.423795
146	0.121520	0.189336	0.678177	0.569185
147	0.121520	0.189336	0.767261	0.601021
148	0.121520	0.189336	0.796256	0.658983
149	0.121520	0.189336	1.784869	1.647498
150	0.121520	0.189336	0.676302	0.539939
151	0.121520	0.189336	0.719319	0.589483
152	0.121520	0.189336	0.782150	0.638958
153	0.121520	0.189336	0.838377	0.701713
154	0.121520	0.189336	1.873870	1.738382
155	0.121520	0.189336	0.713693	0.578037
156	0.121520	0.189336	0.735187	0.607899
157	0.121520	0.189336	0.813020	0.669738
158	0.121520	0.189336	3.211097	3.076337
159	0.121520	0.189336	0.634881	0.507894
160	0.121520	0.189336	0.737091	0.598233
161	0.121520	0.189336	0.728582	0.596349
162	0.121520	0.189336	0.782934	0.650421
163	0.121520	0.189336	1.153097	1.023250
164	0.121520	0.189336	0.681731	0.547218
165	0.121520	0.189336	0.727617	0.596021
166	0.121520	0.189336	0.776343	0.644558
167	0.121520	0.189336	1.283280	1.152769
168	0.121520	0.189336	0.627297	0.516503
169	0.121520	0.189336	0.674161	0.543342
170	0.121520	0.189336	0.721012	0.590228
171	0.121520	0.189336	0.767849	0.616900
172	0.121520	0.189336	1.509068	1.379068
173	0.121520	0.189336	0.620692	0.497591
174	0.121520	0.189336	0.669432	0.532414
175	0.121520	0.189336	0.520342	0.589397
176	0.121520	0.189336	0.712532	0.385606
177	0.121520	0.189336	0.756514	0.627431
178	0.121520	0.189336	1.692637	1.562959
179	0.121520	0.189336	0.615962	0.473005
180	0.121520	0.189336	0.624330	0.481408
181	0.121520	0.189336	0.706809	0.566700
182	0.121520	0.189336	0.723657	0.584219
183	0.121520	0.189336	4.301583	4.171459
184	0.121520	0.189336	0.607496	0.445585
185	0.121520	0.189336	0.505258	0.363085
186	0.121520	0.189336	0.610224	0.476559
187	0.121520	0.189336	0.668326	0.555911
188	0.121520	0.189336	0.745180	0.564167
189	0.121520	0.189336	0.997222	0.857574
190	0.121520	0.189336	0.587751	0.447117
191	0.121520	0.189336	0.500528	0.359244
192	0.121520	0.189336	0.603619	0.475453
193	0.121520	0.189336	0.583270	0.518226
194	0.121520	0.189336	0.639511	0.570906
195	0.121520	0.189336	1.161450	1.097407
196	0.121520	0.189336	0.376107	0.311980
197	0.121520	0.189336	0.481089	0.417018
198	0.121520	0.189336	0.539191	0.476310
199	0.121520	0.189336	0.594438	0.531438
200	0.121520	0.189336	0.367613	0.313156
201	0.121520	0.189336	0.618786	0.552043
202	0.121520	0.189336	1.366610	1.318318
203	0.121520	0.189336	0.415472	0.333721
204	0.121520	0.189336	0.466004	0.404026
205	0.121520	0.189336	0.498832	0.436777
206	0.121520	0.189336	0.587833	0.525484
207	0.121520	0.189336	0.361008	0.298568
208	0.121520	0.189336	0.593430	0.530899
209	0.121520	0.189336	1.610172	1.550453
210	0.121520	0.189336	0.361008	0.302073
211	0.121520	0.189336	0.452891	0.385058
212	0.121520	0.189336	0.532503	0.471057
213	0.121520	0.189336	0.356278	0.294454
214	0.121520	0.189336	0.536224	0.474414
215	0.121520	0.189336	0.388157	0.326291
216	0.121520	0.189336	0.559607	0.507866
217	0.121520	0.189336	2.337997	2.269128
218	0.121520	0.189336	0.353424	0.340642
219	0.121520	0.189336	0.437793	0.358456
220	0.121520	0.189336	0.532503	0.442460
221	0.121520	0.189336	0.314941	0.292349
222	0.121520	0.189336	0.550246	0.450604
223	0.121520	0.189336	0.353424	0.293819
224	0.121520	0.189336	0.569865	0.510246
225	0.121520	0.189336	0.374961	0.321779
226	0.121520	0.189336	0.836012	0.774203
227	0.121520	0.189336	0.456545	0.391608
228	0.121520	0.189336	0.312086	0.290244
229	0.121520	0.189336	0.494915	0.397807
230	0.121520	0.189336	0.346833	0.288075
231	0.121520	0.189336	0.523924	0.464970
232	0.121520	0.189336	0.325213	0.274921
233	0.121520	0.189336	0.567010	0.504096
234	0.121520	0.189336	0.378698	0.314762
235	0.121520	0.189336	1.037437	0.977832
236	0.121520	0.189336	0.367363	0.312293
237	0.121520	0.189336	0.381468	0.320632
238	0.121520	0.189336	0.370218	0.312167
239	0.121520	0.189336	0.425450	0.375837
240	0.121520	0.189336	0.367363	0.303568
241	0.121520	0.189336	0.475155	0.413731
242	0.121520	0.189336	0.367363	0.308892
243	0.121520	0.189336	0.515401	0.456916
244	0.121520	0.189336	0.326109	0.267309
245	0.121520	0.189336	1.305375	1.250802
246	0.121520	0.189336	0.318608	0.258214
247	0.121520	0.189336	0.410478	0.352860
248	0.121520	0.189336	0.330755	0.273033
249	0.121520	0.189336	0.445098	0.387285
250	0.121520	0.189336	0.297002	0.239021
251	0.121520	0.189336	0.336381	0.278344
252	0.121520	0.189336	0.469446	0.411171
253	0.121520	0.189336	0.358883	0.287861
254	0.121520	0.189336	0.507817	0.436809
255	0.121520	0.189336	0.313878	0.242898
256	0.121520	0.189336	1.519913	1.466892
257	0.121520	0.189336	0.297002	0.221103
258	0.121520	0.189336	0.329790	0.258593
259	0.121520	0.189336	0.367265	0.296481
260	0.121520	0.189336	0.311024	0.240415
261	0.121520	0.189336	0.442243	0.371389
262	0.121520	0.189336	0.292272	0.221418
263	0.121520	0.189336	0.329776	0.259041
264	0.121520	0.189336	0.456251	0.390868
265	0.121520	0.189336	0.311038	0.235671
266	0.121520	0.189336	0.533090	0.464083
267	0.121520	0.189336	0.292272	0.216289
268	0.121520	0.189336	0.281917	0.255702
269	0.121520	0.189336	2.431255	2.317031
270	0.121520	0.189336	0.292286	0.207632
271	0.121520	0.189336	0.323185	0.247284
272	0.121520	0.189336	0.362535	0.286872
273	0.121520	0.189336	0.308184	0.232143
274	0.121520	0.189336	0.282813	0.206681
275	0.121520	0.189336	0.407511	0.331421
276	0.121520	0.189336	0.303440	0.227294
277	0.121520	0.189336	0.291293	0.215161
278	0.121520	0.189336	0.445881	0.369777
279	0.121520	0.189336	0.303440	0.230232
280	0.121520	0.189336	0.291293	0.212376
281	0.121520	0.189336	0.492732	0.416446
282	0.121520	0.189336	0.303440	0.227196
283	0.121520	0.189336	0.282813	0.206457
284	0.121520	0.189336	0.777645	0.701289
285	0.121520	0.189336	0.269686	0.193330
286	0.121520	0.189336	0.314691	0.238587
287	0.121520	0.189336	0.339964	0.263874
288	0.121520	0.189336	0.277201	0.201139
289	0.121520	0.189336	0.274333	0.198327
290	0.121520	0.189336	0.427159	0.351153
291	0.121520	0.189336	0.255581	0.179575
292	0.121520	0.189336	0.291210	0.215050
293	0.121520	0.189336	0.279958	0.212404
294	0.121520	0.189336	0.446777	0.365006
295	0.121520	0.189336	0.264061	0.185018
296	0.121520	0.189336	0.315587	0.239357
297	0.121520	0.189336	0.473001	0.396757
298	0.121520	0.189336	0.255595	0.179281
299	0.121520	0.189336	0.288355	0.212321
300	0.121520	0.189336	0.276208	0.200160
301	0.121520	0.189336	0.995933	0.919913
302	0.121520	0.189336	0.269603	0.193569
303	0.121520	0.189336	0.266832	0.190826
304	0.121520	0.189336	0.275229	0.199223
305	0.121520	0.189336	0.353076	0.277070
306	0.121520	0.189336	0.252740	0.176356
307	0.121520	0.189336	0.263978	0.187608
308	0.121520	0.189336	0.283709	0.198873
309	0.121520	0.189336	0.391447	0.303839
310	0.121520	0.189336	0.249872	0.193247
311	0.121520	0.189336	0.262102	0.185746
312	0.121520	0.189336	0.273354	0.197012
313	0.121520	0.189336	0.425171	0.348829
314	0.121520	0.189336	0.248990	0.173026
315	0.121520	0.189336	0.288355	0.212405
316	0.121520	0.189336	0.271478	0.195528
317	0.121520	0.189336	0.465417	0.389467
318	0.121520	0.189336	0.245240	0.169276
319	0.121520	0.189336	0.249872	0.173936
320	0.121520	0.189336	0.265853	0.203357
321	0.121520	0.189336	0.268624	0.201154
322	0.121520	0.189336	1.223610	1.139180
323	0.121520	0.189336	0.240496	0.164210
324	0.121520	0.189336	0.249872	0.212405
325	0.121520	0.189336	0.307121	0.192338
326	0.121520	0.189336	0.324865	0.248565
327	0.121520	0.189336	0.240496	0.164196
328	0.121520	0.189336	0.249872	0.173572
329	0.121520	0.189336	0.259248	0.182962
330	0.121520	0.189336	0.268624	0.192744
331	0.121520	0.189336	0.371715	0.295863
332	0.121520	0.189336	0.240496	0.164630
333	0.121520	0.189336	0.220765	0.144871
334	0.121520	0.189336	0.249886	0.173558
335	0.121520	0.189336	0.259248	0.183382
336	0.121520	0.189336	0.260144	0.192744
337	0.121520	0.189336	0.418566	0.334178
338	0.121520	0.189336	0.240496	0.164602
339	0.121520	0.189336	0.243267	0.167359
340	0.121520	0.189336	0.259262	0.183326
341	0.121520	0.189336	0.263894	0.187972
342	0.121520	0.189336	0.462562	0.386654
343	0.121520	0.189336	0.240510	0.164588
344	0.121520	0.189336	0.220765	0.144577
345	0.121520	0.189336	0.241392	0.165162
346	0.121520	0.189336	0.259248	0.183018
347	0.121520	0.189336	0.262019	0.185789
348	0.121520	0.189336	1.444655	1.368425
349	0.121520	0.189336	0.237656	0.161426
350	0.121520	0.189336	0.220765	0.144535
351	0.121520	0.189336	0.241392	0.165106
352	0.121520	0.189336	0.252643	0.176371
353	0.121520	0.189336	0.263894	0.187622
354	0.121520	0.189336	0.322024	0.245710
355	0.121520	0.189336	0.220765	0.144661
356	0.121520	0.189336	0.232016	0.155884
357	0.121520	0.189336	0.243267	0.167219
358	0.121520	0.189336	0.254518	0.178540
359	0.121520	0.189336	0.217910	0.141792
360	0.121520	0.189336	0.260144	0.184236
361	0.121520	0.189336	0.365125	0.289189
362	0.121520	0.189336	0.232926	0.156962
363	0.121520	0.189336	0.220779	0.144885
364	0.121520	0.189336	0.234787	0.158865
365	0.121520	0.189336	0.254518	0.178414
366	0.121520	0.189336	0.217910	0.142030
367	0.121520	0.189336	0.260144	0.184208
368	0.121520	0.189336	0.407232	0.331296
369	0.121520	0.189336	0.217910	0.161538
370	0.121520	0.189336	0.232016	0.136139
371	0.121520	0.189336	0.238538	0.162378
372	0.121520	0.189336	0.217910	0.141736
373	0.121520	0.189336	0.250768	0.174552
374	0.121520	0.189336	0.257290	0.181116
375	0.121520	0.189336	0.217910	0.141708
376	0.121520	0.189336	0.450332	0.374158
377	0.121520	0.189336	0.232912	0.156738
378	0.121520	0.189336	0.212285	0.136195
379	0.121520	0.189336	0.238538	0.162392
380	0.121520	0.189336	0.217910	0.141680
381	0.121520	0.189336	0.244163	0.168073
382	0.121520	0.189336	0.261040	0.184880
383	0.121520	0.189336	0.212285	0.136251
384	0.121520	0.189336	0.299852	0.137230
385	0.121520	0.189336	0.217910	0.141932
386	0.121520	0.189336	0.225411	0.149405
387	0.121520	0.189336	0.242288	0.166268
388	0.121520	0.189336	0.205680	0.136321
389	0.121520	0.189336	0.251664	0.169123
390	0.121520	0.189336	0.212299	0.136377
391	0.121520	0.189336	0.257290	0.181424
392	0.121520	0.189336	0.209430	0.133760
393	0.121520	0.189336	0.313544	0.237804
394	0.121520	0.189336	0.217910	0.142058
395	0.121520	0.189336	0.220696	0.145103
396	0.121520	0.189336	0.217910	0.142212
397	0.121520	0.189336	0.230058	0.154577
398	0.121520	0.189336	0.217910	0.142345
399	0.121520	0.189336	0.239434	0.163855
400	0.121520	0.189336	0.217924	0.142660
401	0.121520	0.189336	0.248810	0.173329
402	0.121520	0.189336	0.217924	0.142569
403	0.121520	0.189336	0.351901	0.276623
404	0.121520	0.189336	0.209430	0.134026
405	0.121520	0.189336	0.229162	0.153849
406	0.121520	0.189336	0.209430	0.134306
407	0.121520	0.189336	0.235683	0.160405
408	0.121520	0.189336	0.212285	0.137217
409	0.121520	0.189336	0.245059	0.169991
410	0.121520	0.189336	0.205694	0.130584
411	0.121520	0.189336	0.213181	0.138134
412	0.121520	0.189336	0.253539	0.173875
413	0.121520	0.189336	0.213195	0.142891
414	0.121520	0.189336	0.398752	0.323901
415	0.121520	0.189336	0.209430	0.134509
416	0.121520	0.189336	0.226321	0.151400
417	0.121520	0.189336	0.205680	0.130703
418	0.121520	0.189336	0.213181	0.138316
419	0.121520	0.189336	0.230058	0.155193
420	0.121520	0.189336	0.209430	0.134677
421	0.121520	0.189336	0.245059	0.170236
422	0.121520	0.189336	0.205694	0.130801
423	0.121520	0.189336	0.213181	0.138344
424	0.121520	0.189336	0.248810	0.173959
425	0.121520	0.189336	0.209430	0.134719
426	0.121520	0.189336	0.451228	0.376433
427	0.121520	0.189336	0.205694	0.130983
428	0.121520	0.189336	0.213181	0.138400
429	0.121520	0.189336	0.217827	0.143172
430	0.121520	0.189336	0.205680	0.130997
431	0.121520	0.189336	0.213181	0.138379
432	0.121520	0.189336	0.230058	0.155389
433	0.121520	0.189336	0.209430	0.134747
434	0.121520	0.189336	0.206590	0.131648
435	0.121520	0.189336	0.239434	0.164282
436	0.121520	0.189336	0.209430	0.134656
437	0.121520	0.189336	0.206576	0.131599
438	0.121520	0.189336	0.248824	0.173833
439	0.121520	0.189336	0.209444	0.134208
440	0.121520	0.189336	0.206576	0.131529
441	0.121520	0.189336	0.726751	0.651676
442	0.121520	0.189336	0.209430	0.134131
443	0.121520	0.189336	0.206590	0.131396
444	0.121520	0.189336	0.220682	0.145530
445	0.121520	0.189336	0.202826	0.127450
446	0.121520	0.189336	0.213181	0.137665
447	0.121520	0.189336	0.230058	0.151834
448	0.121520	0.189336	0.202826	0.143632
449	0.121520	0.189336	0.204701	0.129199
450	0.121520	0.189336	0.245059	0.169515
451	0.121520	0.189336	0.200950	0.125483
452	0.121520	0.189336	0.209430	0.133886
453	0.121520	0.189336	0.206576	0.130913
454	0.121520	0.189336	0.248810	0.170719
455	0.121520	0.189336	0.202826	0.130528
456	0.121520	0.189336	0.204701	0.129556
457	0.121520	0.189336	0.310676	0.235244
458	0.121520	0.189336	0.200950	0.125469
459	0.121520	0.189336	0.202826	0.127296
460	0.121520	0.189336	0.213181	0.137679
461	0.121520	0.189336	0.217827	0.142311
462	0.121520	0.189336	0.200964	0.125406
463	0.121520	0.189336	0.209430	0.133844
464	0.121520	0.189336	0.206576	0.131032
465	0.121520	0.189336	0.227203	0.151589
466	0.121520	0.189336	0.205680	0.130192
467	0.121520	0.189336	0.204701	0.129213
468	0.121520	0.189336	0.206590	0.131074
469	0.121520	0.189336	0.236593	0.161175
470	0.121520	0.189336	0.205680	0.125518
471	0.121520	0.189336	0.204701	0.134012
472	0.121520	0.189336	0.206576	0.131172
473	0.121520	0.189336	0.245955	0.170509
474	0.121520	0.189336	0.200950	0.125476
475	0.121520	0.189336	0.202826	0.127366
476	0.121520	0.189336	0.204701	0.137721
477	0.121520	0.189336	0.357527	0.273594
478	0.121520	0.189336	0.200950	0.125574
479	0.121520	0.189336	0.202826	0.127450
480	0.121520	0.189336	0.204701	0.129297
481	0.121520	0.189336	0.206590	0.131102
482	0.121520	0.189336	0.217827	0.142451
483	0.121520	0.189336	0.200950	0.125469
484	0.121520	0.189336	0.202840	0.127065
485	0.121520	0.189336	0.213181	0.129199
486	0.121520	0.189336	0.227203	0.130766
487	0.121520	0.189336	0.200950	0.151253
488	0.121520	0.189336	0.202826	0.130178
489	0.121520	0.189336	0.198110	0.128968
490	0.121520	0.189336	0.204715	0.130885
491	0.121520	0.189336	0.206576	0.122160
492	0.121520	0.189336	0.236593	0.160643
493	0.121520	0.189336	0.200950	0.125028
494	0.121520	0.189336	0.202826	0.126890
495	0.121520	0.189336	0.204701	0.128765
496	0.121520	0.189336	0.206576	0.130703
497	0.121520	0.189336	0.245969	0.170061
498	0.121520	0.189336	0.200950	0.125070
499	0.121520	0.189336	0.202826	0.126918
500	0.121520	0.189336	0.204715	0.128849
501	0.121520	0.189336	0.206576	0.130612
502	0.121520	0.189336	0.395911	0.320073
503	0.121520	0.189336	0.200964	0.125112
504	0.121520	0.189336	0.202826	0.122244
505	0.121520	0.189336	0.198096	0.127016
506	0.121520	0.189336	0.204715	0.128905
507	0.121520	0.189336	0.206576	0.130738
508	0.121520	0.189336	0.217841	0.142059
509	0.121520	0.189336	0.200950	0.122272
510	0.121520	0.189336	0.198096	0.125126
511	0.121520	0.189336	0.202826	0.127002
512	0.121520	0.189336	0.204701	0.142289
513	0.121520	0.189336	0.206590	0.130808
514	0.121520	0.189336	0.227217	0.122370
515	0.121520	0.189336	0.198096	0.151421
516	0.121520	0.189336	0.200950	0.125210
517	0.121520	0.189336	0.202826	0.127072
518	0.121520	0.189336	0.198110	0.122370
519	0.121520	0.189336	0.204715	0.128947
520	0.121520	0.189336	0.206576	0.130850
521	0.121520	0.189336	0.236579	0.160853
522	0.121520	0.189336	0.198096	0.122426
523	0.121520	0.189336	0.200964	0.125238
524	0.121520	0.189336	0.202826	0.127086
525	0.121520	0.189336	0.198096	0.122426
526	0.121520	0.189336	0.204701	0.129031
527	0.121520	0.189336	0.206576	0.130878
528	0.121520	0.189336	0.198096	0.122384
529	0.121520	0.189336	0.245969	0.170313
530	0.121520	0.189336	0.200950	0.125266
531	0.121520	0.189336	0.198096	0.122398
532	0.121520	0.189336	0.202826	0.127142
533	0.121520	0.189336	0.204701	0.129031
534	0.121520	0.189336	0.198110	0.122426
535	0.121520	0.189336	0.206576	0.130962
536	0.121520	0.189336	0.442748	0.122440
537	0.121520	0.189336	0.198096	0.367120
538	0.121520	0.189336	0.200950	0.125322
539	0.121520	0.189336	0.198096	0.122496
540	0.121520	0.189336	0.202826	0.127240
541	0.121520	0.189336	0.204701	0.122454
542	0.121520	0.189336	0.198096	0.129094
543	0.121520	0.189336	0.206576	0.130990
544	0.121520	0.189336	0.198110	0.122454
545	0.121520	0.189336	0.217827	0.142241
546	0.121520	0.189336	0.198096	0.122496
547	0.121520	0.189336	0.200950	0.125336
548	0.121520	0.189336	0.202826	0.122237
549	0.121520	0.189336	0.198096	0.127240
550	0.121520	0.189336	0.204701	0.128863
551	0.121520	0.189336	0.198110	0.122419
552	0.121520	0.189336	0.206576	0.130759
553	0.121520	0.189336	0.198096	0.122510
554	0.121520	0.189336	0.227203	0.151232
555	0.121520	0.189336	0.198096	0.122496
556	0.121520	0.189336	0.200950	0.124916
557	0.121520	0.189336	0.198096	0.121866
558	0.121520	0.189336	0.202826	0.127009
559	0.121520	0.189336	0.198096	0.122174
560	0.121520	0.189336	0.204701	0.128954
561	0.121520	0.189336	0.198110	0.122083
562	0.121520	0.189336	0.206576	0.130388
563	0.121520	0.189336	0.198096	0.121894
564	0.121520	0.189336	0.236579	0.160587
565	0.121520	0.189336	0.198110	0.121894
566	0.121520	0.189336	0.200964	0.124748
567	0.121520	0.189336	0.198096	0.121866
568	0.121520	0.189336	0.198096	0.121894
569	0.121520	0.189336	0.202826	0.126624
570	0.121520	0.189336	0.198110	0.121894
571	0.121520	0.189336	0.204701	0.128499
572	0.121520	0.189336	0.198096	0.121894
573	0.121520	0.189336	0.206576	0.130374
574	0.121520	0.189336	0.198096	0.121866
575	0.121520	0.189336	0.245955	0.169767
576	0.121520	0.189336	0.198096	0.135362
577	0.121520	0.189336	0.198096	0.121894
578	0.121520	0.189336	0.200950	0.124790
579	0.121520	0.189336	0.198096	0.121964
580	0.121520	0.189336	0.202840	0.126638
581	0.121520	0.189336	0.198096	0.121908
582	0.121520	0.189336	0.198096	0.128527
583	0.121520	0.189336	0.204701	0.121950
584	0.121520	0.189336	0.198110	0.121936
585	0.121520	0.189336	0.206576	0.130430
586	0.121520	0.189336	0.198096	0.121936
587	0.121520	0.189336	0.198096	0.121978
588	0.121520	0.189336	0.958180	0.882034
589	0.121520	0.189336	0.198110	0.121936
590	0.121520	0.189336	0.200950	0.124832
591	0.121520	0.189336	0.198096	0.121950
592	0.121520	0.189336	0.198096	0.122006
593	0.121520	0.189336	0.202826	0.126722
594	0.121520	0.189336	0.198096	0.121978
595	0.121520	0.189336	0.198096	0.121978
596	0.121520	0.189336	0.204701	0.128639
597	0.121520	0.189336	0.198096	0.121978
598	0.121520	0.189336	0.198096	0.122006
599	0.121520	0.189336	0.206576	0.130486
600	0.121520	0.189336	0.198096	0.122020
601	0.121520	0.189336	0.198096	0.121992
602	0.121520	0.189336	0.217827	0.141737
603	0.121520	0.189336	0.198096	0.122006
604	0.121520	0.189336	0.198110	0.121992
605	0.121520	0.189336	0.200950	0.124860
606	0.121520	0.189336	0.198096	0.122020
607	0.121520	0.189336	0.198096	0.122034
608	0.121520	0.189336	0.202826	0.126736
609	0.121520	0.189336	0.198110	0.122020
610	0.121520	0.189336	0.198096	0.122020
611	0.121520	0.189336	0.198110	0.128625
612	0.121520	0.189336	0.204715	0.122062
613	0.121520	0.189336	0.198096	0.122006
614	0.121520	0.189336	0.198096	0.122034
615	0.121520	0.189336	0.206576	0.130514
616	0.121520	0.189336	0.198096	0.122013
617	0.121520	0.189336	0.198110	0.122020
618	0.121520	0.189336	0.227217	0.151092
619	0.121520	0.189336	0.198096	0.121985
620	0.121520	0.189336	0.198096	0.121964
621	0.121520	0.189336	0.198096	0.121936
622	0.121520	0.189336	0.200950	0.124790
623	0.121520	0.189336	0.198096	0.121964
624	0.121520	0.189336	0.198110	0.121950
625	0.121520	0.189336	0.198096	0.121880
626	0.121520	0.189336	0.202826	0.126603
627	0.121520	0.189336	0.198096	0.121831
628	0.121520	0.189336	0.198096	0.121831
629	0.121520	0.189336	0.198110	0.121852
630	0.121520	0.189336	0.204701	0.128429
631	0.121520	0.189336	0.198096	0.121775
632	0.121520	0.189336	0.198096	0.121789
633	0.121520	0.189336	0.198110	0.121754
634	0.121520	0.189336	0.206576	0.130213
635	0.121520	0.189336	0.198096	0.121726
636	0.121520	0.189336	0.198096	0.121964
637	0.121520	0.189336	0.198110	0.121950
638	0.121520	0.189336	0.198096	0.160342
639	0.121520	0.189336	0.236579	0.121859
640	0.121520	0.189336	0.198096	0.135278
641	0.121520	0.189336	0.198110	0.121824
642	0.121520	0.189336	0.198096	0.121810
643	0.121520	0.189336	0.200950	0.124664
644	0.121520	0.189336	0.198110	0.121810
645	0.121520	0.189336	0.198096	0.121810
646	0.121520	0.189336	0.198096	0.121852
647	0.121520	0.189336	0.202826	0.121810
648	0.121520	0.189336	0.198096	0.126554
649	0.121520	0.189336	0.198096	0.121824
650	0.121520	0.189336	0.198110	0.121810
651	0.121520	0.189336	0.198096	0.121810
652	0.121520	0.189336	0.204701	0.128401
653	0.121520	0.189336	0.198096	0.121838
654	0.121520	0.189336	0.198110	0.121824
655	0.121520	0.189336	0.198096	0.121810
656	0.121520	0.189336	0.198110	0.121838
657	0.121520	0.189336	0.206576	0.121719
658	0.121520	0.189336	0.198110	0.130332
659	0.121520	0.189336	0.198096	0.121782
660	0.121520	0.189336	0.198096	0.121824
661	0.121520	0.189336	0.198096	0.121838
662	0.121520	0.189336	0.198096	0.121824
663	0.121520	0.189336	0.245955	0.169662
664	0.121520	0.189336	0.198096	0.121824
665	0.121520	0.189336	0.198096	0.121810
666	0.121520	0.189336	0.198096	0.121838
667	0.121520	0.189336	0.198096	0.121852
668	0.121520	0.189336	0.198096	0.121719
669	0.121520	0.189336	0.200950	0.124706
670	0.121520	0.189336	0.198096	0.121656
671	0.121520	0.189336	0.198096	0.121852
672	0.121520	0.189336	0.198096	0.121838
673	0.121520	0.189336	0.198096	0.121677
674	0.121520	0.189336	0.198096	0.121670
675	0.121520	0.189336	0.202840	0.126582
676	0.121520	0.189336	0.198110	0.121761
677	0.121520	0.189336	0.198096	0.121803
678	0.121520	0.189336	0.198096	0.121838
679	0.121520	0.189336	0.198096	0.121852
680	0.121520	0.189336	0.198096	0.121838
681	0.121520	0.189336	0.198096	0.128345
682	0.121520	0.189336	0.204701	0.121684
683	0.121520	0.189336	0.198096	0.121670
684	0.121520	0.189336	0.198096	0.121670
685	0.121520	0.189336	0.198096	0.121670
686	0.121520	0.189336	0.198096	0.121670
687	0.121520	0.189336	0.198096	0.121670
688	0.121520	0.189336	0.198096	0.121684
689	0.121520	0.189336	0.206590	0.130164
690	0.121520	0.189336	0.198096	0.121670
691	0.121520	0.189336	0.198096	0.121684
692	0.121520	0.189336	0.198096	0.121782
693	0.121520	0.189336	0.198096	0.121684
694	0.121520	0.189336	0.198096	0.121670
695	0.121520	0.189336	0.198096	0.121698
696	0.121520	0.189336	0.198096	0.225784
697	0.121520	0.189336	0.302210	0.121670
698	0.121520	0.189336	0.198096	0.121719
699	0.121520	0.189336	0.198096	0.121670
700	0.121520	0.189336	0.198096	0.121684
701	0.121520	0.189336	0.198110	0.121684
702	0.121520	0.189336	0.198110	0.121684
703	0.121520	0.189336	0.198096	0.121698
704	0.121520	0.189336	0.200950	0.135124
705	0.121520	0.189336	0.198096	0.124510
706	0.121520	0.189336	0.198096	0.121684
707	0.121520	0.189336	0.198096	0.121698
708	0.121520	0.189336	0.198096	0.121712
709	0.121520	0.189336	0.198096	0.121698
710	0.121520	0.189336	0.198096	0.121698
711	0.121520	0.189336	0.198110	0.121684
712	0.121520	0.189336	0.198096	0.121698
713	0.121520	0.189336	0.198096	0.121726
714	0.121520	0.189336	0.202826	0.126428
715	0.121520	0.189336	0.198096	0.121698
716	0.121520	0.189336	0.198096	0.121698
717	0.121520	0.189336	0.198110	0.121698
718	0.121520	0.189336	0.198110	0.121698
719	0.121520	0.189336	0.198110	0.121698
720	0.121520	0.189336	0.198096	0.121698
721	0.121520	0.189336	0.198096	0.121698
722	0.121520	0.189336	0.198096	0.121726
723	0.121520	0.189336	0.198096	0.121712
724	0.121520	0.189336	0.204701	0.128317
725	0.121520	0.189336	0.198096	0.121726
726	0.121520	0.189336	0.198096	0.121698
727	0.121520	0.189336	0.198096	0.121712
728	0.121520	0.189336	0.198096	0.121698
729	0.121520	0.189336	0.198096	0.121712
730	0.121520	0.189336	0.198096	0.121712
731	0.121520	0.189336	0.198110	0.121712
732	0.121520	0.189336	0.198096	0.121712
733	0.121520	0.189336	0.198096	0.121712
734	0.121520	0.189336	0.198096	0.121712
735	0.121520	0.189336	0.206576	0.130206
736	0.121520	0.189336	0.198096	0.121712
737	0.121520	0.189336	0.198096	0.121726
738	0.121520	0.189336	0.198096	0.121712
739	0.121520	0.189336	0.198096	0.121712
740	0.121520	0.189336	0.198096	0.121698
741	0.121520	0.189336	0.198096	0.121726
742	0.121520	0.189336	0.198110	0.121712
743	0.121520	0.189336	0.198096	0.121740
744	0.121520	0.189336	0.198096	0.121726
745	0.121520	0.189336	0.198096	0.121726
746	0.121520	0.189336	0.198096	0.121712
747	0.121520	0.189336	0.198096	0.121726
748	0.121520	0.189336	0.217827	0.141457
749	0.121520	0.189336	0.198096	0.121726
750	0.121520	0.189336	0.198096	0.121726
751	0.121520	0.189336	0.198096	0.121726
752	0.121520	0.189336	0.198110	0.121726
753	0.121520	0.189336	0.198096	0.121740
754	0.121520	0.189336	0.198096	0.121740
755	0.121520	0.189336	0.198096	0.121726
756	0.121520	0.189336	0.198096	0.121726
757	0.121520	0.189336	0.198110	0.121740
758	0.121520	0.189336	0.198096	0.121726
759	0.121520	0.189336	0.198096	0.121740
760	0.121520	0.189336	0.198096	0.121740
761	0.121520	0.189336	0.198096	0.121740
762	0.121520	0.189336	0.200950	0.124580
763	0.121520	0.189336	0.198096	0.121740
764	0.121520	0.189336	0.198096	0.121754
765	0.121520	0.189336	0.198096	0.121726
766	0.121520	0.189336	0.198096	0.121740
767	0.121520	0.189336	0.198117	0.121740
768	0.121520	0.189336	0.198096	0.135180
769	0.121520	0.189336	0.198096	0.121726
770	0.121520	0.189336	0.198096	0.121726
771	0.121520	0.189336	0.198110	0.121754
772	0.121520	0.189336	0.198096	0.121740
773	0.121520	0.189336	0.198110	0.121754
774	0.121520	0.189336	0.198117	0.121740
775	0.121520	0.189336	0.198096	0.121740
776	0.121520	0.189336	0.198117	0.121740
777	0.121520	0.189336	0.198096	0.121740
778	0.121520	0.189336	0.198096	0.121754
779	0.121520	0.189336	0.202826	0.126470
780	0.121520	0.189336	0.198096	0.121726
781	0.121520	0.189336	0.198117	0.121740
782	0.121520	0.189336	0.198096	0.121754
783	0.121520	0.189336	0.198096	0.121754
784	0.121520	0.189336	0.198110	0.121740
785	0.121520	0.189336	0.198117	0.121740
786	0.121520	0.189336	0.198117	0.121740
787	0.121520	0.189336	0.198110	0.121754
788	0.121520	0.189336	0.198096	0.121754
789	0.121520	0.189336	0.198096	0.121740
790	0.121520	0.189336	0.198096	0.121740
791	0.121520	0.189336	0.198117	0.121740
792	0.121520	0.189336	0.198096	0.121754
793	0.121520	0.189336	0.198096	0.121754
794	0.121520	0.189336	0.198096	0.121754
795	0.121520	0.189336	0.198117	0.121740
796	0.121520	0.189336	0.198117	0.121754
797	0.121520	0.189336	0.198117	0.121740
798	0.121520	0.189336	0.198096	0.121754
799	0.121520	0.189336	0.204722	0.121754
800	0.121520	0.189336	0.198117	0.128345
801	0.121520	0.189336	0.198117	0.121754
802	0.121520	0.189336	0.198117	0.121754
803	0.121520	0.189336	0.198110	0.121754
804	0.121520	0.189336	0.198117	0.121754
805	0.121520	0.189336	0.198117	0.121768
806	0.121520	0.189336	0.198117	0.121754
807	0.121520	0.189336	0.198117	0.121754
808	0.121520	0.189336	0.198110	0.121754
809	0.121520	0.189336	0.198131	0.121768
810	0.121520	0.189336	0.198117	0.121754
811	0.121520	0.189336	0.198117	0.121754
812	0.121520	0.189336	0.198117	0.121754
813	0.121520	0.189336	0.198117	0.121768
814	0.121520	0.189336	0.198117	0.121754
815	0.121520	0.189336	0.198117	0.121768
816	0.121520	0.189336	0.198110	0.121754
817	0.121520	0.189336	0.198117	0.121754
818	0.121520	0.189336	0.198131	0.121768
819	0.121520	0.189336	0.198110	0.121754
820	0.121520	0.189336	0.198117	0.121754
821	0.121520	0.189336	0.198110	0.121754
822	0.121520	0.189336	0.198117	0.121768
823	0.121520	0.189336	0.198096	0.121768
824	0.121520	0.189336	0.198131	0.121754
825	0.121520	0.189336	0.206590	0.121768
826	0.121520	0.189336	0.198110	0.130248
827	0.121520	0.189336	0.198117	0.121754
828	0.121520	0.189336	0.198110	0.121768
829	0.121520	0.189336	0.198110	0.121768
830	0.121520	0.189336	0.198117	0.121754
831	0.121520	0.189336	0.198117	0.121768
832	0.121520	0.189336	0.198110	0.135208
833	0.121520	0.189336	0.198117	0.121768
834	0.121520	0.189336	0.198110	0.121754
835	0.121520	0.189336	0.198131	0.121754
836	0.121520	0.189336	0.198110	0.121768
837	0.121520	0.189336	0.198131	0.121768
838	0.121520	0.189336	0.198117	0.121768
839	0.121520	0.189336	0.198110	0.121768
840	0.121520	0.189336	0.198110	0.121782
841	0.121520	0.189336	0.198110	0.121768
842	0.121520	0.189336	0.198110	0.121754
843	0.121520	0.189336	0.198110	0.121754
844	0.121520	0.189336	0.198124	0.121768
845	0.121520	0.189336	0.198117	0.121768
846	0.121520	0.189336	0.198117	0.121768
847	0.121520	0.189336	0.198110	0.121768
848	0.121520	0.189336	0.198131	0.121768
849	0.121520	0.189336	0.198110	0.121768
850	0.121520	0.189336	0.198110	0.121768
851	0.121520	0.189336	0.198110	0.121768
852	0.121520	0.189336	0.198110	0.121768
853	0.121520	0.189336	0.198110	0.121768
854	0.121520	0.189336	0.198124	0.121754
855	0.121520	0.189336	0.198131	0.121768
856	0.121520	0.189336	0.198110	0.121768
857	0.121520	0.189336	0.198131	0.121761
858	0.121520	0.189336	0.198110	0.121768
859	0.121520	0.189336	0.198110	0.121768
860	0.121520	0.189336	0.198103	0.121754
861	0.121520	0.189336	0.227224	0.150875
862	0.121520	0.189336	0.198110	0.121768
863	0.121520	0.189336	0.198131	0.121768
864	0.121520	0.189336	0.198110	0.121768
865	0.121520	0.189336	0.198110	0.121768
866	0.121520	0.189336	0.198124	0.121768
867	0.121520	0.189336	0.198131	0.121768
868	0.121520	0.189336	0.198110	0.121768
869	0.121520	0.189336	0.198110	0.121768
870	0.121520	0.189336	0.198110	0.121768
871	0.121520	0.189336	0.198110	0.121768
872	0.121520	0.189336	0.198110	0.121782
873	0.121520	0.189336	0.198124	0.121768
874	0.121520	0.189336	0.198110	0.121768
875	0.121520	0.189336	0.198103	0.121768
876	0.121520	0.189336	0.198110	0.121768
877	0.121520	0.189336	0.198110	0.121782
878	0.121520	0.189336	0.198110	0.121782
879	0.121520	0.189336	0.198110	0.121768
880	0.121520	0.189336	0.198124	0.121768
881	0.121520	0.189336	0.198103	0.121768
882	0.121520	0.189336	0.198110	0.121782
883	0.121520	0.189336	0.198110	0.121768
884	0.121520	0.189336	0.198110	0.121768
885	0.121520	0.189336	0.198110	0.121768
886	0.121520	0.189336	0.198124	0.121768
887	0.121520	0.189336	0.198110	0.121768
888	0.121520	0.189336	0.198110	0.121782
889	0.121520	0.189336	0.198110	0.121782
890	0.121520	0.189336	0.198124	0.121782
891	0.121520	0.189336	0.198103	0.121782
892	0.121520	0.189336	0.198124	0.121782
893	0.121520	0.189336	0.198103	0.121768
894	0.121520	0.189336	0.198124	0.121782
895	0.121520	0.189336	0.198124	0.121698
896	0.121520	0.189336	0.198110	0.135208
897	0.121520	0.189336	0.198103	0.121761
898	0.121520	0.189336	0.198103	0.121782
899	0.121520	0.189336	0.198110	0.121782
900	0.121520	0.189336	0.198103	0.121782
901	0.121520	0.189336	0.198103	0.121782
902	0.121520	0.189336	0.198124	0.121761
903	0.121520	0.189336	0.198103	0.121747
904	0.121520	0.189336	0.198103	0.121747
905	0.121520	0.189336	0.198103	0.121761
906	0.121520	0.189336	0.198124	0.121747
907	0.121520	0.189336	0.198110	0.121761
908	0.121520	0.189336	0.198124	0.121761
909	0.121520	0.189336	0.198110	0.121761
910	0.121520	0.189336	0.198124	0.121747
911	0.121520	0.189336	0.198103	0.121677
912	0.121520	0.189336	0.198103	0.121761
913	0.121520	0.189336	0.200964	0.124615
914	0.121520	0.189336	0.198103	0.121747
915	0.121520	0.189336	0.198103	0.121761
916	0.121520	0.189336	0.198103	0.121747
917	0.121520	0.189336	0.198110	0.121761
918	0.121520	0.189336	0.198103	0.121747
919	0.121520	0.189336	0.198110	0.121698
920	0.121520	0.189336	0.198124	0.121719
921	0.121520	0.189336	0.198110	0.121761
922	0.121520	0.189336	0.198103	0.121761
923	0.121520	0.189336	0.198103	0.121761
924	0.121520	0.189336	0.202833	0.126491
