Query	FD-Tree	Skan	Adaptive Merging	Lazy Adaptive Merging
1	0.005518	0.044200	0.438478	0.077967
2	0.005518	0.044200	0.475992	0.115533
3	0.005518	0.044200	0.473430	0.113026
4	0.005518	0.044200	0.414164	0.153603
5	0.005518	0.044200	0.478121	0.117599
6	0.005518	0.044200	0.469432	0.108977
7	0.005518	0.044200	0.451064	0.190663
8	0.005518	0.044200	0.474297	0.113729
9	0.005518	0.044200	0.283288	0.103081
10	0.005518	0.044200	0.211768	0.231603
11	0.005518	0.044200	0.272955	0.092852
12	0.005518	0.044200	0.297572	0.117311
13	0.005518	0.044200	0.293778	0.113565
14	0.005518	0.044200	0.222631	0.242476
15	0.005518	0.044200	0.273819	0.093698
16	0.005518	0.044200	0.211531	0.131244
17	0.005518	0.044200	0.252539	0.272294
18	0.005518	0.044200	0.279416	0.099232
19	0.005518	0.044200	0.278200	0.098049
20	0.005518	0.044200	0.220190	0.340091
21	0.005518	0.044200	0.258875	0.078612
22	0.005518	0.044200	0.272555	0.092338
23	0.005518	0.044200	0.309051	0.128876
24	0.005518	0.044200	0.328932	0.148787
25	0.005518	0.044200	0.282105	0.102011
26	0.005518	0.044200	0.272809	0.092538
27	0.005518	0.044200	0.278610	0.098391
28	0.005518	0.044200	0.380117	0.199940
29	0.005518	0.044200	0.261259	0.081104
30	0.005518	0.044200	0.273848	0.093747
31	0.005518	0.044200	0.279650	0.099395
32	0.005518	0.044200	0.413063	0.232838
33	0.005518	0.044200	0.259993	0.079810
34	0.005518	0.044200	0.269416	0.089262
35	0.005518	0.044200	0.277778	0.097659
36	0.005518	0.044200	0.447528	0.267451
37	0.005518	0.044200	0.257995	0.077750
38	0.005518	0.044200	0.266025	0.085831
39	0.005518	0.044200	0.276258	0.096085
40	0.005518	0.044200	0.664486	0.484371
41	0.005518	0.044200	0.271190	0.091083
42	0.005518	0.044200	0.260984	0.080710
43	0.005518	0.044200	0.272130	0.091877
44	0.005518	0.044200	0.319062	0.138869
45	0.005518	0.044200	0.244701	0.064524
46	0.005518	0.044200	0.259771	0.079624
47	0.005518	0.044200	0.259896	0.079798
48	0.005518	0.044200	0.268738	0.088663
49	0.005518	0.044200	0.358088	0.177839
50	0.005518	0.044200	0.244221	0.064030
51	0.005518	0.044200	0.252123	0.071952
52	0.005518	0.044200	0.260025	0.079888
53	0.005518	0.044200	0.266258	0.086153
54	0.005518	0.044200	0.404711	0.224634
55	0.005518	0.044200	0.251035	0.070780
56	0.005518	0.044200	0.258630	0.078406
57	0.005518	0.044200	0.226544	0.046353
58	0.005518	0.044200	0.264864	0.084711
59	0.005518	0.044200	0.424715	0.244578
60	0.005518	0.044200	0.242653	0.062546
61	0.005518	0.044200	0.250555	0.070274
62	0.005518	0.044200	0.249464	0.069202
63	0.005518	0.044200	0.264386	0.084169
64	0.005518	0.044200	0.236943	0.674480
65	0.005518	0.044200	0.240957	0.060794
66	0.005518	0.044200	0.245035	0.064894
67	0.005518	0.044200	0.255367	0.075257
68	0.005518	0.044200	0.261170	0.081089
69	0.005518	0.044200	0.309492	0.129223
70	0.005518	0.044200	0.224064	0.043817
71	0.005518	0.044200	0.233003	0.052800
72	0.005518	0.044200	0.242425	0.062246
73	0.005518	0.044200	0.254888	0.074724
74	0.005518	0.044200	0.258258	0.078129
75	0.005518	0.044200	0.342870	0.162761
76	0.005518	0.044200	0.222800	0.042713
77	0.005518	0.044200	0.232701	0.052430
78	0.005518	0.044200	0.240251	0.060008
79	0.005518	0.044200	0.250152	0.069934
80	0.005518	0.044200	0.259298	0.079091
81	0.005518	0.044200	0.222320	0.042143
82	0.005518	0.044200	0.370041	0.189900
83	0.005518	0.044200	0.233565	0.053458
84	0.005518	0.044200	0.242987	0.062874
85	0.005518	0.044200	0.221536	0.041441
86	0.005518	0.044200	0.240856	0.060578
87	0.005518	0.044200	0.255298	0.075059
88	0.005518	0.044200	0.417579	0.237360
89	0.005518	0.044200	0.213632	0.033441
90	0.005518	0.044200	0.231085	0.050906
91	0.005518	0.044200	0.237945	0.057796
92	0.005518	0.044200	0.220448	0.040333
93	0.005518	0.044200	0.238374	0.058252
94	0.005518	0.044200	0.253298	0.073213
95	0.005518	0.044200	0.219536	0.039261
96	0.005518	0.044200	0.213960	0.833709
97	0.005518	0.044200	0.229387	0.049150
98	0.005518	0.044200	0.219056	0.038841
99	0.005518	0.044200	0.229993	0.049802
100	0.005518	0.044200	0.243974	0.063807
101	0.005518	0.044200	0.212366	0.032225
102	0.005518	0.044200	0.249170	0.069043
103	0.005518	0.044200	0.215840	0.035719
104	0.005518	0.044200	0.290324	0.110229
105	0.005518	0.044200	0.231211	0.051132
106	0.005518	0.044200	0.215840	0.035569
107	0.005518	0.044200	0.229515	0.049274
108	0.005518	0.044200	0.211104	0.030875
109	0.005518	0.044200	0.237112	0.056899
110	0.005518	0.044200	0.249426	0.069231
111	0.005518	0.044200	0.210192	0.030017
112	0.005518	0.044200	0.331352	0.151199
113	0.005518	0.044200	0.215056	0.034911
114	0.005518	0.044200	0.216701	0.036586
115	0.005518	0.044200	0.214448	0.034355
116	0.005518	0.044200	0.228425	0.048340
117	0.005518	0.044200	0.241928	0.061847
118	0.005518	0.044200	0.205024	0.024943
119	0.005518	0.044200	0.248336	0.068089
120	0.005518	0.044200	0.210016	0.029775
121	0.005518	0.044200	0.364727	0.184512
122	0.005518	0.044200	0.208928	0.028745
123	0.005518	0.044200	0.220349	0.040170
124	0.005518	0.044200	0.209408	0.029237
125	0.005518	0.044200	0.227467	0.047314
126	0.005518	0.044200	0.208928	0.028785
127	0.005518	0.044200	0.234456	0.054334
128	0.005518	0.044200	0.203760	0.041387
129	0.005518	0.044200	0.247554	0.067465
130	0.005518	0.044200	0.203150	0.022885
131	0.005518	0.044200	0.408011	0.227744
132	0.005518	0.044200	0.201758	0.021509
133	0.005518	0.044200	0.209232	0.028971
134	0.005518	0.044200	0.214829	0.034586
135	0.005518	0.044200	0.212096	0.031875
136	0.005518	0.044200	0.221515	0.041312
137	0.005518	0.044200	0.205104	0.026001
138	0.005518	0.044200	0.234280	0.053020
139	0.005518	0.044200	0.202672	0.022515
140	0.005518	0.044200	0.247072	0.066931
141	0.005518	0.044200	0.201280	0.021137
142	0.005518	0.044200	0.207838	0.027703
143	0.005518	0.044200	0.293536	1.013433
144	0.005518	0.044200	0.204320	0.024237
145	0.005518	0.044200	0.218781	0.038692
146	0.005518	0.044200	0.201280	0.020999
147	0.005518	0.044200	0.207360	0.027079
148	0.005518	0.044200	0.221035	0.040784
149	0.005518	0.044200	0.203534	0.023303
150	0.005518	0.044200	0.233193	0.052948
151	0.005518	0.044200	0.200798	0.020597
152	0.005518	0.044200	0.207360	0.027161
153	0.005518	0.044200	0.233042	0.052845
154	0.005518	0.044200	0.199888	0.019701
155	0.005518	0.044200	0.207358	0.027191
156	0.005518	0.044200	0.280758	0.100593
157	0.005518	0.044200	0.203536	0.023383
158	0.005518	0.044200	0.217517	0.037390
159	0.005518	0.044200	0.195152	0.015023
160	0.005518	0.044200	0.203232	0.023121
161	0.005518	0.044200	0.224811	0.044714
162	0.005518	0.044200	0.196064	0.015973
163	0.005518	0.044200	0.202928	0.022847
164	0.005518	0.044200	0.231321	0.051039
165	0.005518	0.044200	0.196064	0.015805
166	0.005518	0.044200	0.202926	0.022663
167	0.005518	0.044200	0.238946	0.058693
168	0.005518	0.044200	0.196064	0.015829
169	0.005518	0.044200	0.201840	0.021611
170	0.005518	0.044200	0.323128	0.142903
171	0.005518	0.044200	0.194062	0.013841
172	0.005518	0.044200	0.203056	0.022857
173	0.005518	0.044200	0.199712	0.019529
174	0.005518	0.044200	0.211085	0.030890
175	0.005518	0.044200	0.196672	0.016507
176	0.005518	0.044200	0.205008	0.024847
177	0.005518	0.044200	0.215339	0.035196
178	0.005518	0.044200	0.200016	0.019875
179	0.005518	0.044200	0.197102	0.016979
180	0.005518	0.044200	0.199840	0.019723
181	0.005518	0.044200	0.225366	0.045243
182	0.005518	0.044200	0.196190	0.016073
183	0.005518	0.044200	0.205006	0.024907
184	0.005518	0.044200	0.230560	0.050467
185	0.005518	0.044200	0.195280	0.015203
186	0.005518	0.044200	0.200576	0.020293
187	0.005518	0.044200	0.198622	0.018545
188	0.005518	0.044200	0.353335	0.173064
189	0.005518	0.044200	0.197536	0.017281
190	0.005518	0.044200	0.197102	0.016843
191	0.005518	0.044200	0.198448	0.018187
192	0.005518	0.044200	0.207869	0.045348
193	0.005518	0.044200	0.198014	0.017791
194	0.005518	0.044200	0.196624	0.016399
195	0.005518	0.044200	0.198448	0.018241
196	0.005518	0.044200	0.215465	0.035270
197	0.005518	0.044200	0.197534	0.017341
198	0.005518	0.044200	0.196318	0.016117
199	0.005518	0.044200	0.198144	0.017965
200	0.005518	0.044200	0.222758	0.042594
201	0.005518	0.044200	0.192800	0.012621
202	0.005518	0.044200	0.195712	0.015545
203	0.005518	0.044200	0.203616	0.023455
204	0.005518	0.044200	0.229296	0.049159
205	0.005518	0.044200	0.193280	0.013137
206	0.005518	0.044200	0.194318	0.014973
207	0.005518	0.044200	0.196624	0.015713
208	0.005518	0.044200	0.197360	0.017245
209	0.005518	0.044200	0.389931	0.209818
210	0.005518	0.044200	0.192800	0.012693
211	0.005518	0.044200	0.194320	0.014213
212	0.005518	0.044200	0.195840	0.015743
213	0.005518	0.044200	0.198750	0.018661
214	0.005518	0.044200	0.206475	0.026606
215	0.005518	0.044200	0.192800	0.012928
216	0.005518	0.044200	0.194318	0.014454
217	0.005518	0.044200	0.194446	0.014588
218	0.005518	0.044200	0.197360	0.017500
219	0.005518	0.044200	0.214073	0.034228
220	0.005518	0.044200	0.192800	0.012958
221	0.005518	0.044200	0.194320	0.014482
222	0.005518	0.044200	0.194752	0.014922
223	0.005518	0.044200	0.197360	0.017530
224	0.005518	0.044200	0.221672	0.041863
225	0.005518	0.044200	0.192014	0.012196
226	0.005518	0.044200	0.194320	0.014518
227	0.005518	0.044200	0.195358	0.015552
228	0.005518	0.044200	0.189584	0.009794
229	0.005518	0.044200	0.197360	0.017570
230	0.005518	0.044200	0.227904	0.048123
231	0.005518	0.044200	0.191712	0.011938
232	0.005518	0.044200	0.194320	0.014554
233	0.005518	0.044200	0.195056	0.015284
234	0.005518	0.044200	0.196880	0.017114
235	0.005518	0.044200	0.189584	0.009824
236	0.005518	0.044200	0.175144	1.195390
237	0.005518	0.044200	0.191712	0.011968
238	0.005518	0.044200	0.193536	0.013796
239	0.005518	0.044200	0.195360	0.015632
240	0.005518	0.044200	0.189584	0.009838
241	0.005518	0.044200	0.195966	0.016236
242	0.005518	0.044200	0.205387	0.025668
243	0.005518	0.044200	0.192014	0.012300
244	0.005518	0.044200	0.189104	0.009384
245	0.005518	0.044200	0.192928	0.013214
246	0.005518	0.044200	0.194752	0.015042
247	0.005518	0.044200	0.196096	0.016404
248	0.005518	0.044200	0.189584	0.009886
249	0.005518	0.044200	0.212683	0.032996
250	0.005518	0.044200	0.190928	0.011242
251	0.005518	0.044200	0.193840	0.014166
252	0.005518	0.044200	0.188192	0.008520
253	0.005518	0.044200	0.194750	0.015080
254	0.005518	0.044200	0.196094	0.016428
255	0.005518	0.044200	0.188192	0.008189
256	0.005518	0.044200	0.220585	0.058647
257	0.005518	0.044200	0.191534	0.011534
258	0.005518	0.044200	0.188192	0.008190
259	0.005518	0.044200	0.192448	0.012445
260	0.005518	0.044200	0.195358	0.015375
261	0.005518	0.044200	0.188192	0.008207
262	0.005518	0.044200	0.195488	0.015497
263	0.005518	0.044200	0.189104	0.009125
264	0.005518	0.044200	0.226818	0.046843
265	0.005518	0.044200	0.191536	0.011564
266	0.005518	0.044200	0.188192	0.008219
267	0.005518	0.044200	0.192448	0.012481
268	0.005518	0.044200	0.189104	0.009149
269	0.005518	0.044200	0.193358	0.013390
270	0.005518	0.044200	0.196096	0.016139
271	0.005518	0.044200	0.188192	0.008242
272	0.005518	0.044200	0.273014	0.093063
273	0.005518	0.044200	0.187712	0.007766
274	0.005518	0.044200	0.190928	0.010991
275	0.005518	0.044200	0.189104	0.009171
276	0.005518	0.044200	0.191840	0.011913
277	0.005518	0.044200	0.188320	0.008395
278	0.005518	0.044200	0.193360	0.013433
279	0.005518	0.044200	0.196094	0.016171
280	0.005518	0.044200	0.187104	0.007183
281	0.005518	0.044200	0.205211	0.025298
282	0.005518	0.044200	0.187104	0.007196
283	0.005518	0.044200	0.191536	0.011614
284	0.005518	0.044200	0.188192	0.008288
285	0.005518	0.044200	0.191966	0.012065
286	0.005518	0.044200	0.187104	0.007200
287	0.005518	0.044200	0.194576	0.014676
288	0.005518	0.044200	0.187102	0.007214
289	0.005518	0.044200	0.196094	0.016204
290	0.005518	0.044200	0.187102	0.007222
291	0.005518	0.044200	0.188320	0.008431
292	0.005518	0.044200	0.211593	0.031713
293	0.005518	0.044200	0.188320	0.008448
294	0.005518	0.044200	0.189534	0.009665
295	0.005518	0.044200	0.187712	0.007838
296	0.005518	0.044200	0.192448	0.012575
297	0.005518	0.044200	0.187712	0.007842
298	0.005518	0.044200	0.193486	0.013625
299	0.005518	0.044200	0.187104	0.007241
300	0.005518	0.044200	0.188320	0.008463
301	0.005518	0.044200	0.194096	0.014239
302	0.005518	0.044200	0.189102	0.009246
303	0.005518	0.044200	0.218409	0.038556
304	0.005518	0.044200	0.187712	0.007860
305	0.005518	0.044200	0.190448	0.010602
306	0.005518	0.044200	0.187104	0.007260
307	0.005518	0.044200	0.188320	0.008481
308	0.005518	0.044200	0.191056	0.011223
309	0.005518	0.044200	0.187710	0.007884
310	0.005518	0.044200	0.193488	0.013657
311	0.005518	0.044200	0.186320	0.006495
312	0.005518	0.044200	0.187712	0.007884
313	0.005518	0.044200	0.195008	0.015177
314	0.005518	0.044200	0.187104	0.007276
315	0.005518	0.044200	0.188320	0.008498
316	0.005518	0.044200	0.226034	0.046218
317	0.005518	0.044200	0.186624	0.006809
318	0.005518	0.044200	0.188320	0.008504
319	0.005518	0.044200	0.189536	0.009726
320	0.005518	0.044200	0.187712	0.025631
321	0.005518	0.044200	0.187230	0.012159
322	0.005518	0.044200	0.191056	0.006505
323	0.005518	0.044200	0.187712	0.007906
324	0.005518	0.044200	0.193488	0.013341
325	0.005518	0.044200	0.186320	0.006172
326	0.005518	0.044200	0.187712	0.007563
327	0.005518	0.044200	0.195008	0.014863
328	0.005518	0.044200	0.186320	0.006175
329	0.005518	0.044200	0.187712	0.007568
330	0.005518	0.044200	0.187232	0.007087
331	0.005518	0.044200	0.309608	0.129472
332	0.005518	0.044200	0.186622	0.006492
333	0.005518	0.044200	0.188320	0.008194
334	0.005518	0.044200	0.189056	0.008923
335	0.005518	0.044200	0.187104	0.006970
336	0.005518	0.044200	0.186928	0.006786
337	0.005518	0.044200	0.191968	0.011844
338	0.005518	0.044200	0.186320	0.006194
339	0.005518	0.044200	0.187712	0.007591
340	0.005518	0.044200	0.187232	0.007102
341	0.005518	0.044200	0.192576	0.012461
342	0.005518	0.044200	0.186622	0.006505
343	0.005518	0.044200	0.186928	0.006808
344	0.005518	0.044200	0.195008	0.014885
345	0.005518	0.044200	0.186320	0.006202
346	0.005518	0.044200	0.186624	0.006509
347	0.005518	0.044200	0.188318	0.008210
348	0.005518	0.044200	0.202731	0.022625
349	0.005518	0.044200	0.186320	0.006218
350	0.005518	0.044200	0.187712	0.007603
351	0.005518	0.044200	0.187232	0.007118
352	0.005518	0.044200	0.189056	0.008943
353	0.005518	0.044200	0.187104	0.007008
354	0.005518	0.044200	0.186928	0.006826
355	0.005518	0.044200	0.187232	0.007136
356	0.005518	0.044200	0.190576	0.010477
357	0.005518	0.044200	0.186318	0.006218
358	0.005518	0.044200	0.187712	0.007621
359	0.005518	0.044200	0.187230	0.007138
360	0.005518	0.044200	0.192094	0.012006
361	0.005518	0.044200	0.186320	0.006224
362	0.005518	0.044200	0.186622	0.006540
363	0.005518	0.044200	0.186928	0.006839
364	0.005518	0.044200	0.195008	0.014926
365	0.005518	0.044200	0.186318	0.006233
366	0.005518	0.044200	0.186624	0.006537
367	0.005518	0.044200	0.186928	0.006845
368	0.005518	0.044200	0.187232	0.007154
369	0.005518	0.044200	0.210331	0.030244
370	0.005518	0.044200	0.186320	0.006245
371	0.005518	0.044200	0.186624	0.006549
372	0.005518	0.044200	0.186928	0.006850
373	0.005518	0.044200	0.187232	0.007151
374	0.005518	0.044200	0.189056	0.008975
375	0.005518	0.044200	0.186320	0.006239
376	0.005518	0.044200	0.186622	0.006553
377	0.005518	0.044200	0.186926	0.006860
378	0.005518	0.044200	0.187232	0.007169
379	0.005518	0.044200	0.190574	0.010519
380	0.005518	0.044200	0.186320	0.006254
381	0.005518	0.044200	0.186624	0.006556
382	0.005518	0.044200	0.186928	0.006856
383	0.005518	0.044200	0.187230	0.007160
384	0.005518	0.044200	0.192096	0.029756
385	0.005518	0.044200	0.186318	0.006262
386	0.005518	0.044200	0.186624	0.006565
387	0.005518	0.044200	0.186926	0.006865
388	0.005518	0.044200	0.185840	0.005779
389	0.005518	0.044200	0.187232	0.007170
390	0.005518	0.044200	0.193616	0.013562
391	0.005518	0.044200	0.186320	0.006265
392	0.005518	0.044200	0.186624	0.006569
393	0.005518	0.044200	0.186928	0.006871
394	0.005518	0.044200	0.187232	0.007172
395	0.005518	0.044200	0.185840	0.005775
396	0.005518	0.044200	0.217928	0.037868
397	0.005518	0.044200	0.186320	0.006257
398	0.005518	0.044200	0.186624	0.006561
399	0.005518	0.044200	0.186928	0.006865
400	0.005518	0.044200	0.185840	0.005781
401	0.005518	0.044200	0.187232	0.007166
402	0.005518	0.044200	0.189056	0.008998
403	0.005518	0.044200	0.186320	0.006254
404	0.005518	0.044200	0.185838	0.005775
405	0.005518	0.044200	0.186624	0.006556
406	0.005518	0.044200	0.186928	0.006854
407	0.005518	0.044200	0.187232	0.007161
408	0.005518	0.044200	0.185840	0.005771
409	0.005518	0.044200	0.190576	0.010501
410	0.005518	0.044200	0.186320	0.006248
411	0.005518	0.044200	0.186624	0.006550
412	0.005518	0.044200	0.185840	0.005766
413	0.005518	0.044200	0.186926	0.006856
414	0.005518	0.044200	0.187232	0.007166
415	0.005518	0.044200	0.185838	0.005770
416	0.005518	0.044200	0.192096	0.012032
417	0.005518	0.044200	0.186320	0.006249
418	0.005518	0.044200	0.185840	0.005771
419	0.005518	0.044200	0.186624	0.006553
420	0.005518	0.044200	0.185838	0.006855
421	0.005518	0.044200	0.186926	0.005769
422	0.005518	0.044200	0.187232	0.007165
423	0.005518	0.044200	0.185840	0.005769
424	0.005518	0.044200	0.193616	0.013545
425	0.005518	0.044200	0.186320	0.006249
426	0.005518	0.044200	0.185838	0.005769
427	0.005518	0.044200	0.186624	0.006561
428	0.005518	0.044200	0.185840	0.005771
429	0.005518	0.044200	0.186928	0.006863
430	0.005518	0.044200	0.187232	0.007161
431	0.005518	0.044200	0.185840	0.005767
432	0.005518	0.044200	0.225554	0.045484
433	0.005518	0.044200	0.185840	0.005764
434	0.005518	0.044200	0.186320	0.006246
435	0.005518	0.044200	0.185840	0.005758
436	0.005518	0.044200	0.186624	0.006541
437	0.005518	0.044200	0.185840	0.005754
438	0.005518	0.044200	0.186928	0.006836
439	0.005518	0.044200	0.185840	0.007137
440	0.005518	0.044200	0.187232	0.005747
441	0.005518	0.044200	0.189056	0.008965
442	0.005518	0.044200	0.185840	0.005744
443	0.005518	0.044200	0.186320	0.006222
444	0.005518	0.044200	0.185838	0.005739
445	0.005518	0.044200	0.186624	0.006520
446	0.005518	0.044200	0.185840	0.005729
447	0.005518	0.044200	0.186928	0.006819
448	0.005518	0.044200	0.185840	0.023458
449	0.005518	0.044200	0.185838	0.007115
450	0.005518	0.044200	0.187232	0.005717
451	0.005518	0.044200	0.185840	0.005712
452	0.005518	0.044200	0.190574	0.010438
453	0.005518	0.044200	0.185840	0.005703
454	0.005518	0.044200	0.186320	0.006178
455	0.005518	0.044200	0.185840	0.005698
456	0.005518	0.044200	0.186624	0.006478
457	0.005518	0.044200	0.185840	0.005690
458	0.005518	0.044200	0.185840	0.005681
459	0.005518	0.044200	0.186926	0.006765
460	0.005518	0.044200	0.185840	0.005681
461	0.005518	0.044200	0.187232	0.007072
462	0.005518	0.044200	0.185840	0.005669
463	0.005518	0.044200	0.192094	0.011920
464	0.005518	0.044200	0.185838	0.005661
465	0.005518	0.044200	0.185838	0.005647
466	0.005518	0.044200	0.186318	0.006119
467	0.005518	0.044200	0.185840	0.005630
468	0.005518	0.044200	0.186624	0.006415
469	0.005518	0.044200	0.185840	0.005628
470	0.005518	0.044200	0.185840	0.005626
471	0.005518	0.044200	0.186928	0.006710
472	0.005518	0.044200	0.185840	0.005610
473	0.005518	0.044200	0.187232	0.006987
474	0.005518	0.044200	0.185838	0.005614
475	0.005518	0.044200	0.185840	0.005635
476	0.005518	0.044200	0.193616	0.013383
477	0.005518	0.044200	0.185840	0.005593
478	0.005518	0.044200	0.185840	0.005590
479	0.005518	0.044200	0.186320	0.006050
480	0.005518	0.044200	0.185840	0.005551
481	0.005518	0.044200	0.185840	0.005551
482	0.005518	0.044200	0.186624	0.006335
483	0.005518	0.044200	0.185840	0.005551
484	0.005518	0.044200	0.185838	0.005551
485	0.005518	0.044200	0.186926	0.006639
486	0.005518	0.044200	0.185840	0.005551
487	0.005518	0.044200	0.185840	0.005551
488	0.005518	0.044200	0.187232	0.006941
489	0.005518	0.044200	0.185840	0.005551
490	0.005518	0.044200	0.185840	0.005551
491	0.005518	0.044200	0.147111	0.166824
492	0.005518	0.044200	0.185840	0.005549
493	0.005518	0.044200	0.185838	0.005549
494	0.005518	0.044200	0.186318	0.006031
495	0.005518	0.044200	0.185840	0.005551
496	0.005518	0.044200	0.185840	0.005551
497	0.005518	0.044200	0.186624	0.006333
498	0.005518	0.044200	0.185840	0.005551
499	0.005518	0.044200	0.185840	0.005549
500	0.005518	0.044200	0.185840	0.005549
501	0.005518	0.044200	0.186928	0.006639
502	0.005518	0.044200	0.185840	0.005549
503	0.005518	0.044200	0.185840	0.005551
504	0.005518	0.044200	0.187232	0.006943
505	0.005518	0.044200	0.185838	0.005549
506	0.005518	0.044200	0.185840	0.005551
507	0.005518	0.044200	0.185838	0.005551
508	0.005518	0.044200	0.189056	0.008767
509	0.005518	0.044200	0.185840	0.005551
510	0.005518	0.044200	0.185840	0.005551
511	0.005518	0.044200	0.185840	0.005551
512	0.005518	0.044200	0.186318	0.023759
513	0.005518	0.044200	0.185840	0.005551
514	0.005518	0.044200	0.185838	0.005551
515	0.005518	0.044200	0.185840	0.005549
516	0.005518	0.044200	0.186624	0.006333
517	0.005518	0.044200	0.185840	0.005551
518	0.005518	0.044200	0.185840	0.005551
519	0.005518	0.044200	0.185840	0.005551
520	0.005518	0.044200	0.185840	0.005551
521	0.005518	0.044200	0.186926	0.006637
522	0.005518	0.044200	0.185840	0.005551
523	0.005518	0.044200	0.185840	0.005549
524	0.005518	0.044200	0.185840	0.005549
525	0.005518	0.044200	0.187230	0.006941
526	0.005518	0.044200	0.185840	0.005551
527	0.005518	0.044200	0.185840	0.005551
528	0.005518	0.044200	0.185840	0.005551
529	0.005518	0.044200	0.185840	0.005551
530	0.005518	0.044200	0.190576	0.010285
531	0.005518	0.044200	0.185840	0.005551
532	0.005518	0.044200	0.185840	0.005551
533	0.005518	0.044200	0.185838	0.005551
534	0.005518	0.044200	0.185840	0.005551
535	0.005518	0.044200	0.186320	0.006031
536	0.005518	0.044200	0.185838	0.005551
537	0.005518	0.044200	0.185840	0.005549
538	0.005518	0.044200	0.185840	0.005549
539	0.005518	0.044200	0.185838	0.005551
540	0.005518	0.044200	0.186624	0.006335
541	0.005518	0.044200	0.185840	0.005551
542	0.005518	0.044200	0.185840	0.005551
543	0.005518	0.044200	0.185838	0.005551
544	0.005518	0.044200	0.185840	0.005551
545	0.005518	0.044200	0.186926	0.006639
546	0.005518	0.044200	0.185840	0.005551
547	0.005518	0.044200	0.185840	0.005549
548	0.005518	0.044200	0.185840	0.005551
549	0.005518	0.044200	0.185840	0.005551
550	0.005518	0.044200	0.185840	0.005551
551	0.005518	0.044200	0.187232	0.006943
552	0.005518	0.044200	0.185838	0.005551
553	0.005518	0.044200	0.185840	0.005551
554	0.005518	0.044200	0.185838	0.005551
555	0.005518	0.044200	0.185840	0.005551
556	0.005518	0.044200	0.185840	0.005551
557	0.005518	0.044200	0.192094	0.011807
558	0.005518	0.044200	0.185840	0.005549
559	0.005518	0.044200	0.185840	0.005551
560	0.005518	0.044200	0.185840	0.005551
561	0.005518	0.044200	0.185838	0.005551
562	0.005518	0.044200	0.185840	0.005551
563	0.005518	0.044200	0.186318	0.006031
564	0.005518	0.044200	0.185840	0.005549
565	0.005518	0.044200	0.185840	0.005551
566	0.005518	0.044200	0.185840	0.005551
567	0.005518	0.044200	0.185840	0.005549
568	0.005518	0.044200	0.185840	0.005551
569	0.005518	0.044200	0.185838	0.005551
570	0.005518	0.044200	0.186622	0.006333
571	0.005518	0.044200	0.185838	0.005551
572	0.005518	0.044200	0.185840	0.005551
573	0.005518	0.044200	0.185840	0.005551
574	0.005518	0.044200	0.185840	0.005551
575	0.005518	0.044200	0.185840	0.005551
576	0.005518	0.044200	0.185840	0.023277
577	0.005518	0.044200	0.185840	0.005549
578	0.005518	0.044200	0.186926	0.006637
579	0.005518	0.044200	0.185840	0.005549
580	0.005518	0.044200	0.185840	0.005549
581	0.005518	0.044200	0.185838	0.005549
582	0.005518	0.044200	0.185840	0.005549
583	0.005518	0.044200	0.185838	0.005549
584	0.005518	0.044200	0.185840	0.005549
585	0.005518	0.044200	0.187230	0.006943
586	0.005518	0.044200	0.185838	0.005551
587	0.005518	0.044200	0.185840	0.005551
588	0.005518	0.044200	0.185840	0.005549
589	0.005518	0.044200	0.185840	0.005551
590	0.005518	0.044200	0.185838	0.005551
591	0.005518	0.044200	0.185840	0.005551
592	0.005518	0.044200	0.185840	0.005551
593	0.005518	0.044200	0.185838	0.005551
594	0.005518	0.044200	0.193614	0.013327
595	0.005518	0.044200	0.185840	0.005551
596	0.005518	0.044200	0.185838	0.005551
597	0.005518	0.044200	0.185838	0.005549
598	0.005518	0.044200	0.185840	0.005551
599	0.005518	0.044200	0.185840	0.005549
600	0.005518	0.044200	0.185840	0.005551
601	0.005518	0.044200	0.185840	0.005551
602	0.005518	0.044200	0.185840	0.005551
603	0.005518	0.044200	0.186320	0.006031
604	0.005518	0.044200	0.185840	0.005551
605	0.005518	0.044200	0.185840	0.005551
606	0.005518	0.044200	0.185840	0.005551
607	0.005518	0.044200	0.185840	0.005551
608	0.005518	0.044200	0.185840	0.005551
609	0.005518	0.044200	0.185840	0.005551
610	0.005518	0.044200	0.185838	0.005551
611	0.005518	0.044200	0.185840	0.005549
612	0.005518	0.044200	0.185840	0.005551
613	0.005518	0.044200	0.186624	0.006335
614	0.005518	0.044200	0.185840	0.005551
615	0.005518	0.044200	0.185840	0.005549
616	0.005518	0.044200	0.185838	0.005549
617	0.005518	0.044200	0.185840	0.005551
618	0.005518	0.044200	0.185840	0.005551
619	0.005518	0.044200	0.185840	0.005549
620	0.005518	0.044200	0.185840	0.005551
621	0.005518	0.044200	0.185838	0.005551
622	0.005518	0.044200	0.185840	0.005551
623	0.005518	0.044200	0.185840	0.005551
624	0.005518	0.044200	0.185840	0.005551
625	0.005518	0.044200	0.186928	0.006637
626	0.005518	0.044200	0.185840	0.005551
627	0.005518	0.044200	0.185840	0.005551
628	0.005518	0.044200	0.185840	0.005551
629	0.005518	0.044200	0.185840	0.005551
630	0.005518	0.044200	0.185840	0.005551
631	0.005518	0.044200	0.185840	0.005551
632	0.005518	0.044200	0.185840	0.005551
633	0.005518	0.044200	0.185840	0.005551
634	0.005518	0.044200	0.185840	0.005551
635	0.005518	0.044200	0.185840	0.005551
636	0.005518	0.044200	0.185840	0.005551
637	0.005518	0.044200	0.185840	0.005551
638	0.005518	0.044200	0.187232	0.006943
639	0.005518	0.044200	0.185840	0.005551
640	0.005518	0.044200	0.185838	0.023279
641	0.005518	0.044200	0.185840	0.005551
642	0.005518	0.044200	0.185840	0.005551
643	0.005518	0.044200	0.185838	0.005551
644	0.005518	0.044200	0.185840	0.005549
645	0.005518	0.044200	0.185840	0.005551
646	0.005518	0.044200	0.185840	0.005551
647	0.005518	0.044200	0.185840	0.005551
648	0.005518	0.044200	0.185840	0.005551
649	0.005518	0.044200	0.185840	0.005551
650	0.005518	0.044200	0.185840	0.005551
651	0.005518	0.044200	0.185840	0.005549
652	0.005518	0.044200	0.202731	0.022444
653	0.005518	0.044200	0.185840	0.005551
654	0.005518	0.044200	0.185840	0.005551
655	0.005518	0.044200	0.185840	0.005551
656	0.005518	0.044200	0.185840	0.005549
657	0.005518	0.044200	0.185840	0.005551
658	0.005518	0.044200	0.185840	0.005551
659	0.005518	0.044200	0.185840	0.005551
660	0.005518	0.044200	0.185842	0.005551
661	0.005518	0.044200	0.185840	0.005551
662	0.005518	0.044200	0.185840	0.005551
663	0.005518	0.044200	0.185840	0.005551
664	0.005518	0.044200	0.185840	0.005549
665	0.005518	0.044200	0.185838	0.005551
666	0.005518	0.044200	0.185842	0.005551
667	0.005518	0.044200	0.185840	0.005551
668	0.005518	0.044200	0.185842	0.005551
669	0.005518	0.044200	0.185840	0.005549
670	0.005518	0.044200	0.186320	0.006031
671	0.005518	0.044200	0.185840	0.005551
672	0.005518	0.044200	0.185840	0.005551
673	0.005518	0.044200	0.185842	0.005553
674	0.005518	0.044200	0.185840	0.005551
675	0.005518	0.044200	0.185840	0.005551
676	0.005518	0.044200	0.185842	0.005553
677	0.005518	0.044200	0.185842	0.005551
678	0.005518	0.044200	0.185840	0.005555
679	0.005518	0.044200	0.185840	0.005551
680	0.005518	0.044200	0.185840	0.005551
681	0.005518	0.044200	0.185840	0.005551
682	0.005518	0.044200	0.185840	0.005551
683	0.005518	0.044200	0.185840	0.005551
684	0.005518	0.044200	0.185840	0.005555
685	0.005518	0.044200	0.185844	0.005555
686	0.005518	0.044200	0.185844	0.005555
687	0.005518	0.044200	0.185844	0.005555
688	0.005518	0.044200	0.185844	0.005555
689	0.005518	0.044200	0.185844	0.005553
690	0.005518	0.044200	0.185842	0.005555
691	0.005518	0.044200	0.186628	0.006339
692	0.005518	0.044200	0.185844	0.005555
693	0.005518	0.044200	0.185844	0.005555
694	0.005518	0.044200	0.185844	0.005555
695	0.005518	0.044200	0.185840	0.005551
696	0.005518	0.044200	0.185844	0.005555
697	0.005518	0.044200	0.185844	0.005555
698	0.005518	0.044200	0.185842	0.005555
699	0.005518	0.044200	0.185844	0.005555
700	0.005518	0.044200	0.185844	0.005553
701	0.005518	0.044200	0.185842	0.005555
702	0.005518	0.044200	0.185844	0.005555
703	0.005518	0.044200	0.185844	0.005555
704	0.005518	0.044200	0.185844	0.023283
705	0.005518	0.044200	0.185844	0.005555
706	0.005518	0.044200	0.185841	0.005555
707	0.005518	0.044200	0.185844	0.005555
708	0.005518	0.044200	0.185844	0.005555
709	0.005518	0.044200	0.185844	0.005555
710	0.005518	0.044200	0.185844	0.005554
711	0.005518	0.044200	0.185843	0.005552
712	0.005518	0.044200	0.185844	0.005555
713	0.005518	0.044200	0.185844	0.005555
714	0.005518	0.044200	0.185844	0.005555
715	0.005518	0.044200	0.185844	0.005554
716	0.005518	0.044200	0.185843	0.005554
717	0.005518	0.044200	0.185841	0.005552
718	0.005518	0.044200	0.186929	0.006643
719	0.005518	0.044200	0.185841	0.005552
720	0.005518	0.044200	0.185844	0.005555
721	0.005518	0.044200	0.185841	0.005552
722	0.005518	0.044200	0.185844	0.005555
723	0.005518	0.044200	0.185844	0.005552
724	0.005518	0.044200	0.185844	0.005554
725	0.005518	0.044200	0.185843	0.005554
726	0.005518	0.044200	0.185841	0.005552
727	0.005518	0.044200	0.185843	0.005554
728	0.005518	0.044200	0.185843	0.005554
729	0.005518	0.044200	0.185844	0.005552
730	0.005518	0.044200	0.185843	0.005555
731	0.005518	0.044200	0.185841	0.005554
732	0.005518	0.044200	0.185843	0.005554
733	0.005518	0.044200	0.185843	0.005555
734	0.005518	0.044200	0.185841	0.005552
735	0.005518	0.044200	0.185843	0.005552
736	0.005518	0.044200	0.185843	0.005554
737	0.005518	0.044200	0.185843	0.005554
738	0.005518	0.044200	0.185843	0.005554
739	0.005518	0.044200	0.185843	0.005554
740	0.005518	0.044200	0.185843	0.005554
741	0.005518	0.044200	0.185843	0.005554
742	0.005518	0.044200	0.185843	0.005555
743	0.005518	0.044200	0.185844	0.005554
744	0.005518	0.044200	0.185843	0.005554
745	0.005518	0.044200	0.185843	0.005554
746	0.005518	0.044200	0.185843	0.005554
747	0.005518	0.044200	0.185843	0.005554
748	0.005518	0.044200	0.185843	0.005554
749	0.005518	0.044200	0.185843	0.005554
750	0.005518	0.044200	0.185843	0.005554
751	0.005518	0.044200	0.185843	0.005554
752	0.005518	0.044200	0.185843	0.005554
753	0.005518	0.044200	0.185843	0.005554
754	0.005518	0.044200	0.185843	0.005554
755	0.005518	0.044200	0.185843	0.005554
756	0.005518	0.044200	0.187235	0.006946
757	0.005518	0.044200	0.185843	0.005554
758	0.005518	0.044200	0.185843	0.005554
759	0.005518	0.044200	0.185843	0.005554
760	0.005518	0.044200	0.185843	0.005554
761	0.005518	0.044200	0.185843	0.005554
762	0.005518	0.044200	0.185843	0.005554
763	0.005518	0.044200	0.185843	0.005554
764	0.005518	0.044200	0.185843	0.005554
765	0.005518	0.044200	0.185843	0.005554
766	0.005518	0.044200	0.185843	0.005550
767	0.005518	0.044200	0.185839	0.005554
768	0.005518	0.044200	0.185843	0.023282
769	0.005518	0.044200	0.185843	0.005554
770	0.005518	0.044200	0.185843	0.005550
771	0.005518	0.044200	0.185843	0.005554
772	0.005518	0.044200	0.185843	0.005554
773	0.005518	0.044200	0.185843	0.005550
774	0.005518	0.044200	0.185839	0.005554
775	0.005518	0.044200	0.185843	0.005554
776	0.005518	0.044200	0.185839	0.005550
777	0.005518	0.044200	0.185843	0.005554
778	0.005518	0.044200	0.185843	0.005554
779	0.005518	0.044200	0.185843	0.005554
780	0.005518	0.044200	0.185843	0.005554
781	0.005518	0.044200	0.185839	0.005550
782	0.005518	0.044200	0.185843	0.005554
783	0.005518	0.044200	0.185843	0.005554
784	0.005518	0.044200	0.185839	0.005550
785	0.005518	0.044200	0.185839	0.005552
786	0.005518	0.044200	0.185841	0.005554
787	0.005518	0.044200	0.185839	0.005554
788	0.005518	0.044200	0.185843	0.005554
789	0.005518	0.044200	0.185843	0.005550
790	0.005518	0.044200	0.185843	0.005550
791	0.005518	0.044200	0.185839	0.005550
792	0.005518	0.044200	0.185843	0.005554
793	0.005518	0.044200	0.185843	0.005554
794	0.005518	0.044200	0.185843	0.005550
795	0.005518	0.044200	0.185839	0.005550
796	0.005518	0.044200	0.185839	0.005554
797	0.005518	0.044200	0.185839	0.005550
798	0.005518	0.044200	0.185843	0.005550
799	0.005518	0.044200	0.185839	0.005550
800	0.005518	0.044200	0.185839	0.005550
801	0.005518	0.044200	0.185841	0.005552
802	0.005518	0.044200	0.185839	0.005554
803	0.005518	0.044200	0.185839	0.005550
804	0.005518	0.044200	0.185839	0.005550
805	0.005518	0.044200	0.185839	0.005550
806	0.005518	0.044200	0.185839	0.005552
807	0.005518	0.044200	0.185839	0.005550
808	0.005518	0.044200	0.185841	0.005552
809	0.005518	0.044200	0.185841	0.005550
810	0.005518	0.044200	0.185839	0.005550
811	0.005518	0.044200	0.185839	0.005550
812	0.005518	0.044200	0.185841	0.005552
813	0.005518	0.044200	0.185839	0.005550
814	0.005518	0.044200	0.185841	0.005552
815	0.005518	0.044200	0.185841	0.005552
816	0.005518	0.044200	0.185841	0.005550
817	0.005518	0.044200	0.185839	0.005552
818	0.005518	0.044200	0.189057	0.005552
819	0.005518	0.044200	0.185841	0.008766
820	0.005518	0.044200	0.185839	0.005552
821	0.005518	0.044200	0.185841	0.005550
822	0.005518	0.044200	0.185839	0.005554
823	0.005518	0.044200	0.185843	0.005552
824	0.005518	0.044200	0.185841	0.005552
825	0.005518	0.044200	0.185841	0.005552
826	0.005518	0.044200	0.185841	0.005552
827	0.005518	0.044200	0.185839	0.005552
828	0.005518	0.044200	0.185841	0.005552
829	0.005518	0.044200	0.185841	0.005550
830	0.005518	0.044200	0.185839	0.005552
831	0.005518	0.044200	0.185841	0.005552
832	0.005518	0.044200	0.185841	0.023280
833	0.005518	0.044200	0.185841	0.005552
834	0.005518	0.044200	0.185841	0.005552
835	0.005518	0.044200	0.185841	0.005552
836	0.005518	0.044200	0.185841	0.005552
837	0.005518	0.044200	0.185841	0.005552
838	0.005518	0.044200	0.185839	0.005552
839	0.005518	0.044200	0.185841	0.005552
840	0.005518	0.044200	0.185841	0.005552
841	0.005518	0.044200	0.185841	0.005552
842	0.005518	0.044200	0.185841	0.005552
843	0.005518	0.044200	0.185841	0.005552
844	0.005518	0.044200	0.185841	0.005550
845	0.005518	0.044200	0.185839	0.005552
846	0.005518	0.044200	0.185841	0.005552
847	0.005518	0.044200	0.185841	0.005552
848	0.005518	0.044200	0.185841	0.005552
849	0.005518	0.044200	0.185841	0.005552
850	0.005518	0.044200	0.185841	0.005552
851	0.005518	0.044200	0.185841	0.005552
852	0.005518	0.044200	0.185841	0.005552
853	0.005518	0.044200	0.185841	0.005552
854	0.005518	0.044200	0.185841	0.005552
855	0.005518	0.044200	0.185841	0.005552
856	0.005518	0.044200	0.185841	0.005550
857	0.005518	0.044200	0.185841	0.005552
858	0.005518	0.044200	0.185841	0.005552
859	0.005518	0.044200	0.185841	0.005552
860	0.005518	0.044200	0.185841	0.005552
861	0.005518	0.044200	0.185841	0.005552
862	0.005518	0.044200	0.185841	0.005552
863	0.005518	0.044200	0.185841	0.005552
864	0.005518	0.044200	0.185841	0.005552
865	0.005518	0.044200	0.185841	0.005552
866	0.005518	0.044200	0.185841	0.005552
867	0.005518	0.044200	0.185841	0.005552
868	0.005518	0.044200	0.185841	0.005552
869	0.005518	0.044200	0.185841	0.005552
870	0.005518	0.044200	0.185841	0.005552
871	0.005518	0.044200	0.185841	0.005552
872	0.005518	0.044200	0.185841	0.005552
873	0.005518	0.044200	0.185841	0.005552
874	0.005518	0.044200	0.185841	0.005552
875	0.005518	0.044200	0.185841	0.005552
876	0.005518	0.044200	0.185841	0.005552
877	0.005518	0.044200	0.185841	0.005552
878	0.005518	0.044200	0.185841	0.005552
879	0.005518	0.044200	0.185841	0.005552
880	0.005518	0.044200	0.185841	0.005552
881	0.005518	0.044200	0.185841	0.005552
882	0.005518	0.044200	0.185841	0.005552
883	0.005518	0.044200	0.185841	0.005552
884	0.005518	0.044200	0.185841	0.005552
885	0.005518	0.044200	0.185841	0.005552
886	0.005518	0.044200	0.185841	0.005552
887	0.005518	0.044200	0.185841	0.005552
888	0.005518	0.044200	0.185841	0.005552
889	0.005518	0.044200	0.185841	0.005552
890	0.005518	0.044200	0.185841	0.005552
891	0.005518	0.044200	0.185841	0.005552
892	0.005518	0.044200	0.185841	0.005552
893	0.005518	0.044200	0.185841	0.005552
894	0.005518	0.044200	0.185841	0.005552
895	0.005518	0.044200	0.185841	0.005552
896	0.005518	0.044200	0.185841	0.023280
897	0.005518	0.044200	0.185841	0.005552
898	0.005518	0.044200	0.185841	0.005552
899	0.005518	0.044200	0.185841	0.005552
900	0.005518	0.044200	0.185841	0.005552
901	0.005518	0.044200	0.185841	0.005552
902	0.005518	0.044200	0.185841	0.005552
903	0.005518	0.044200	0.185841	0.005552
904	0.005518	0.044200	0.185841	0.005552
905	0.005518	0.044200	0.185841	0.005552
906	0.005518	0.044200	0.185841	0.005552
907	0.005518	0.044200	0.185841	0.005552
908	0.005518	0.044200	0.185841	0.005552
909	0.005518	0.044200	0.185841	0.005552
910	0.005518	0.044200	0.185841	0.005552
911	0.005518	0.044200	0.185841	0.005552
912	0.005518	0.044200	0.185841	0.005552
913	0.005518	0.044200	0.185841	0.005552
914	0.005518	0.044200	0.185841	0.005552
915	0.005518	0.044200	0.185841	0.005552
916	0.005518	0.044200	0.185841	0.005552
917	0.005518	0.044200	0.185841	0.005552
918	0.005518	0.044200	0.185841	0.005552
919	0.005518	0.044200	0.185841	0.005552
920	0.005518	0.044200	0.185841	0.005552
921	0.005518	0.044200	0.185841	0.005552
922	0.005518	0.044200	0.185841	0.005552
923	0.005518	0.044200	0.185841	0.005552
924	0.005518	0.044200	0.186321	0.006032
