Query	FD-Tree	Skan	Adaptive Merging	Lazy Adaptive Merging
1	0.034718	0.054072	2.017228	0.755437
2	0.034718	0.054072	2.324853	1.063534
3	0.034718	0.054072	2.412797	1.151710
4	0.034718	0.054072	2.156600	0.894635
5	0.034718	0.054072	2.336050	1.074317
6	0.034718	0.054072	2.451578	1.190317
7	0.034718	0.054072	2.222236	0.961203
8	0.034718	0.054072	2.753382	1.490147
9	0.034718	0.054072	2.139296	0.878707
10	0.034718	0.054072	2.288225	1.026784
11	0.034718	0.054072	2.812037	1.550828
12	0.034718	0.054072	2.202804	0.940715
13	0.034718	0.054072	1.089998	1.828143
14	0.034718	0.054072	1.934209	0.853149
15	0.034718	0.054072	2.074039	0.993210
16	0.034718	0.054072	2.988841	1.908246
17	0.034718	0.054072	1.841027	0.759312
18	0.034718	0.054072	2.038204	0.956961
19	0.034718	0.054072	2.190195	1.109184
20	0.034718	0.054072	1.967221	0.887534
21	0.034718	0.054072	2.499405	1.424024
22	0.034718	0.054072	1.785364	0.697692
23	0.034718	0.054072	1.943700	0.862513
24	0.034718	0.054072	2.642773	1.561820
25	0.034718	0.054072	1.880484	0.799765
26	0.034718	0.054072	1.808949	0.727112
27	0.034718	0.054072	2.845606	1.762913
28	0.034718	0.054072	1.843257	0.762974
29	0.034718	0.054072	1.804117	0.723466
30	0.034718	0.054072	2.946099	2.864958
31	0.034718	0.054072	1.557365	0.655904
32	0.034718	0.054072	1.698712	0.797483
33	0.034718	0.054072	2.063228	1.162235
34	0.034718	0.054072	1.524740	0.628717
35	0.034718	0.054072	1.706926	0.801674
36	0.034718	0.054072	1.616276	0.715986
37	0.034718	0.054072	2.112650	1.211245
38	0.034718	0.054072	1.541226	0.640052
39	0.034718	0.054072	1.761635	0.860219
40	0.034718	0.054072	2.206685	1.306460
41	0.034718	0.054072	1.601500	0.700555
42	0.034718	0.054072	1.571660	0.672393
43	0.034718	0.054072	2.571781	1.669952
44	0.034718	0.054072	1.463715	0.562600
45	0.034718	0.054072	1.528771	0.628376
46	0.034718	0.054072	1.707616	0.806495
47	0.034718	0.054072	1.468283	1.568112
48	0.034718	0.054072	1.455062	0.553051
49	0.034718	0.054072	1.615824	0.714533
50	0.034718	0.054072	1.574027	0.672967
51	0.034718	0.054072	1.783848	0.883027
52	0.034718	0.054072	1.539385	0.638798
53	0.034718	0.054072	1.497761	0.597418
54	0.034718	0.054072	1.398884	0.677253
55	0.034718	0.054072	1.823173	1.102740
56	0.034718	0.054072	1.269094	0.542171
57	0.034718	0.054072	1.302237	0.588048
58	0.034718	0.054072	1.353035	0.632590
59	0.034718	0.054072	1.960951	1.240750
60	0.034718	0.054072	1.321250	0.601281
61	0.034718	0.054072	1.289517	0.567334
62	0.034718	0.054072	1.334072	0.614063
63	0.034718	0.054072	2.129019	1.408158
64	0.034718	0.054072	1.223085	0.520432
65	0.034718	0.054072	1.386886	0.666503
66	0.034718	0.054072	1.298589	0.577359
67	0.034718	0.054072	1.141140	1.422075
68	0.034718	0.054072	1.185611	0.465693
69	0.034718	0.054072	1.232461	0.511422
70	0.034718	0.054072	1.253225	0.532186
71	0.034718	0.054072	1.318582	0.596631
72	0.034718	0.054072	1.511058	0.792669
73	0.034718	0.054072	1.169372	0.448262
74	0.034718	0.054072	1.206942	0.486857
75	0.034718	0.054072	1.276734	0.556638
76	0.034718	0.054072	1.276377	0.555161
77	0.034718	0.054072	1.689312	0.968333
78	0.034718	0.054072	1.158595	0.436764
79	0.034718	0.054072	1.194346	0.473909
80	0.034718	0.054072	1.232099	0.512138
81	0.034718	0.054072	1.265600	0.544808
82	0.034718	0.054072	1.834801	1.114787
83	0.034718	0.054072	0.964416	0.424359
84	0.034718	0.054072	1.000391	0.459551
85	0.034718	0.054072	1.042822	0.503009
86	0.034718	0.054072	1.045555	0.504168
87	0.034718	0.054072	1.869023	1.327824
88	0.034718	0.054072	0.940159	0.401135
89	0.034718	0.054072	0.987011	0.447142
90	0.034718	0.054072	1.015358	0.475481
91	0.034718	0.054072	1.065549	0.525916
92	0.034718	0.054072	0.864324	0.324681
93	0.034718	0.054072	0.810358	1.269577
94	0.034718	0.054072	0.942125	0.401346
95	0.034718	0.054072	0.949356	0.408815
96	0.034718	0.054072	0.996388	0.455843
97	0.034718	0.054072	1.042332	0.502033
98	0.034718	0.054072	0.853849	0.313797
99	0.034718	0.054072	1.246033	0.705964
100	0.034718	0.054072	0.904950	0.364657
101	0.034718	0.054072	0.949504	0.402395
102	0.034718	0.054072	0.986343	0.454542
103	0.034718	0.054072	0.849498	0.309919
104	0.034718	0.054072	1.002552	0.461827
105	0.034718	0.054072	1.427019	0.886292
106	0.034718	0.054072	0.905100	0.364618
107	0.034718	0.054072	0.828886	0.289185
108	0.034718	0.054072	0.916577	0.375547
109	0.034718	0.054072	0.968590	0.428343
110	0.034718	0.054072	0.999059	0.458271
111	0.034718	0.054072	0.829087	0.289864
112	0.034718	0.054072	1.601636	1.061881
113	0.034718	0.054072	0.858518	0.317359
114	0.034718	0.054072	0.938873	0.398878
115	0.034718	0.054072	0.787284	0.247103
116	0.034718	0.054072	0.936700	0.397122
117	0.034718	0.054072	1.003452	0.464179
118	0.034718	0.054072	0.789538	0.246633
119	0.034718	0.054072	1.788086	1.248143
120	0.034718	0.054072	0.863823	0.323169
121	0.034718	0.054072	0.780935	0.241010
122	0.034718	0.054072	0.706943	0.347328
123	0.034718	0.054072	0.625013	0.265399
124	0.034718	0.054072	0.754099	0.394740
125	0.034718	0.054072	0.777893	0.418520
126	0.034718	0.054072	0.615377	0.256004
127	0.034718	0.054072	0.490961	1.130430
128	0.034718	0.054072	0.674673	0.331393
129	0.034718	0.054072	0.590750	0.230463
130	0.034718	0.054072	0.691737	0.331930
131	0.034718	0.054072	0.611027	0.250986
132	0.034718	0.054072	0.718444	0.358407
133	0.034718	0.054072	0.782286	0.423336
134	0.034718	0.054072	0.557445	0.228347
135	0.034718	0.054072	1.011833	0.620002
136	0.034718	0.054072	0.579240	0.219440
137	0.034718	0.054072	0.649027	0.289482
138	0.034718	0.054072	0.600425	0.240858
139	0.034718	0.054072	0.651710	0.292143
140	0.034718	0.054072	0.593877	0.235972
141	0.034718	0.054072	0.708881	0.348665
142	0.034718	0.054072	0.579617	0.217882
143	0.034718	0.054072	0.735350	0.376452
144	0.034718	0.054072	1.189781	0.829310
145	0.034718	0.054072	0.542977	0.181970
146	0.034718	0.054072	0.651118	0.292287
147	0.034718	0.054072	0.541587	0.180748
148	0.034718	0.054072	0.688567	0.329200
149	0.034718	0.054072	0.541107	0.179736
150	0.034718	0.054072	0.725106	0.364905
151	0.034718	0.054072	0.532985	0.173742
152	0.034718	0.054072	0.569875	0.210141
153	0.034718	0.054072	0.724448	0.364710
154	0.034718	0.054072	0.561330	0.202945
155	0.034718	0.054072	1.319619	0.959530
156	0.034718	0.054072	0.577837	0.218956
157	0.034718	0.054072	0.588157	0.227838
158	0.034718	0.054072	0.547928	0.189178
159	0.034718	0.054072	0.651392	0.291659
160	0.034718	0.054072	0.553335	0.193406
161	0.034718	0.054072	0.684290	0.323406
162	0.034718	0.054072	0.521776	0.166096
163	0.034718	0.054072	0.554371	0.190316
164	0.034718	0.054072	0.701235	0.339984
165	0.034718	0.054072	0.534470	0.174311
166	0.034718	0.054072	1.514263	1.154098
167	0.034718	0.054072	0.518032	0.165887
168	0.034718	0.054072	0.556139	0.188948
169	0.034718	0.054072	0.578720	0.218803
170	0.034718	0.054072	0.533206	0.173287
171	0.034718	0.054072	0.639404	0.279479
172	0.034718	0.054072	0.510270	0.150114
173	0.034718	0.054072	0.545111	0.186236
174	0.034718	0.054072	0.647849	0.287664
175	0.034718	0.054072	0.529940	0.170533
176	0.034718	0.054072	0.708661	0.349235
177	0.034718	0.054072	0.511075	0.153043
178	0.034718	0.054072	0.506400	0.144413
179	0.034718	0.054072	2.638121	2.277522
180	0.034718	0.054072	0.506648	0.147443
181	0.034718	0.054072	0.539902	0.179306
182	0.034718	0.054072	0.570673	0.209772
183	0.034718	0.054072	0.496637	0.135734
184	0.034718	0.054072	0.530141	0.175255
185	0.034718	0.054072	0.605692	0.239094
186	0.034718	0.054072	0.492946	0.164638
187	0.034718	0.054072	0.533605	0.141991
188	0.034718	0.054072	0.637980	0.276839
189	0.034718	0.054072	0.491857	0.163541
190	0.034718	0.054072	0.533124	0.141211
191	0.034718	0.054072	0.674039	0.314724
192	0.034718	0.054072	0.490946	0.148077
193	0.034718	0.054072	0.346075	0.165979
194	0.034718	0.054072	0.724351	0.544339
195	0.034718	0.054072	0.297955	0.118407
196	0.034718	0.054072	0.350753	0.172284
197	0.034718	0.054072	0.359551	0.185471
198	0.034718	0.054072	0.319016	0.134278
199	0.034718	0.054072	0.305060	0.126382
200	0.034718	0.054072	0.441302	0.261109
201	0.034718	0.054072	0.288495	0.110604
202	0.034718	0.054072	0.302452	0.124061
203	0.034718	0.054072	0.340560	0.159055
204	0.034718	0.054072	0.435179	0.256158
205	0.034718	0.054072	0.312287	0.133261
206	0.034718	0.054072	0.301794	0.124132
207	0.034718	0.054072	0.315752	0.136387
208	0.034718	0.054072	0.481425	0.303769
209	0.034718	0.054072	0.298156	0.120490
210	0.034718	0.054072	0.301613	0.125142
211	0.034718	0.054072	0.920333	0.742295
212	0.034718	0.054072	0.284321	0.112327
213	0.034718	0.054072	0.298406	0.115825
214	0.034718	0.054072	0.332994	0.156500
215	0.034718	0.054072	0.349203	0.175419
216	0.034718	0.054072	0.287788	0.106700
217	0.034718	0.054072	0.292462	0.115575
218	0.034718	0.054072	0.332210	0.155294
219	0.034718	0.054072	0.385742	0.208514
220	0.034718	0.054072	0.281057	0.104223
221	0.034718	0.054072	0.290163	0.113288
222	0.034718	0.054072	0.299261	0.120990
223	0.034718	0.054072	0.458994	0.283142
224	0.034718	0.054072	0.278276	0.100707
225	0.034718	0.054072	0.288645	0.111182
226	0.034718	0.054072	0.290108	0.114480
227	0.034718	0.054072	0.303462	0.125438
228	0.034718	0.054072	0.456514	0.281283
229	0.034718	0.054072	0.282220	0.104954
230	0.034718	0.054072	0.282042	0.105941
231	0.034718	0.054072	0.328773	0.150630
232	0.034718	0.054072	1.061998	0.886091
233	0.034718	0.054072	0.274454	0.098266
234	0.034718	0.054072	0.281560	0.106586
235	0.034718	0.054072	0.290969	0.111791
236	0.034718	0.054072	0.295821	0.119658
237	0.034718	0.054072	0.340856	0.164399
238	0.034718	0.054072	0.272584	0.096116
239	0.034718	0.054072	0.280170	0.103632
240	0.034718	0.054072	0.287756	0.111237
241	0.034718	0.054072	0.294860	0.117963
242	0.034718	0.054072	0.378783	0.202209
243	0.034718	0.054072	0.267977	0.095501
244	0.034718	0.054072	0.279080	0.100281
245	0.034718	0.054072	0.286970	0.108582
246	0.034718	0.054072	0.294860	0.117331
247	0.034718	0.054072	0.253235	0.077502
248	0.034718	0.054072	0.415447	0.237944
249	0.034718	0.054072	0.262340	0.085973
250	0.034718	0.054072	0.278906	0.098953
251	0.034718	0.054072	0.279027	0.100119
252	0.034718	0.054072	0.287954	0.110379
253	0.034718	0.054072	0.452290	0.271924
254	0.034718	0.054072	0.266107	0.087068
255	0.034718	0.054072	0.252755	0.074716
256	0.034718	0.054072	0.269748	0.107623
257	0.034718	0.054072	0.279153	0.103848
258	0.034718	0.054072	0.291597	0.105187
259	0.034718	0.054072	1.242684	1.062646
260	0.034718	0.054072	0.265625	0.086118
261	0.034718	0.054072	0.251971	0.071605
262	0.034718	0.054072	0.268660	0.088691
263	0.034718	0.054072	0.273032	0.097761
264	0.034718	0.054072	0.286992	0.103555
265	0.034718	0.054072	0.251973	0.070365
266	0.034718	0.054072	0.328258	0.148039
267	0.034718	0.054072	0.261808	0.081600
268	0.034718	0.054072	0.268002	0.090984
269	0.034718	0.054072	0.250579	0.068528
270	0.034718	0.054072	0.274376	0.093539
271	0.034718	0.054072	0.280138	0.103856
272	0.034718	0.054072	0.369346	0.185463
273	0.034718	0.054072	0.250709	0.069376
274	0.034718	0.054072	0.252346	0.073195
275	0.034718	0.054072	0.270431	0.089094
276	0.034718	0.054072	0.246280	0.066041
277	0.034718	0.054072	0.267341	0.088482
278	0.034718	0.054072	0.284512	0.103349
279	0.034718	0.054072	0.246280	0.066634
280	0.034718	0.054072	0.397691	0.216352
281	0.034718	0.054072	0.260363	0.080596
282	0.034718	0.054072	0.245493	0.065550
283	0.034718	0.054072	0.259454	0.079501
284	0.034718	0.054072	0.273411	0.093458
285	0.034718	0.054072	0.241855	0.067972
286	0.034718	0.054072	0.281603	0.093584
287	0.034718	0.054072	0.439210	0.258951
288	0.034718	0.054072	0.240465	0.060684
289	0.034718	0.054072	0.254114	0.073372
290	0.034718	0.054072	0.245014	0.064752
291	0.034718	0.054072	0.253939	0.078407
292	0.034718	0.054072	0.245014	0.060067
293	0.034718	0.054072	0.264861	0.085991
294	0.034718	0.054072	0.278819	0.098250
295	0.034718	0.054072	0.240463	0.059160
296	0.034718	0.054072	0.317956	1.137745
297	0.034718	0.054072	0.244533	0.064326
298	0.034718	0.054072	0.246353	0.066152
299	0.034718	0.054072	0.242533	0.062341
300	0.034718	0.054072	0.257886	0.077687
301	0.034718	0.054072	0.239802	0.059587
302	0.034718	0.054072	0.263773	0.084643
303	0.034718	0.054072	0.278643	0.097822
304	0.034718	0.054072	0.232824	0.053521
305	0.034718	0.054072	0.323550	0.142729
306	0.034718	0.054072	0.233736	0.052729
307	0.034718	0.054072	0.254670	0.073665
308	0.034718	0.054072	0.232950	0.053517
309	0.034718	0.054072	0.261472	0.081255
310	0.034718	0.054072	0.232343	0.052123
311	0.034718	0.054072	0.269969	0.089754
312	0.034718	0.054072	0.231734	0.051518
313	0.034718	0.054072	0.237626	0.058805
314	0.034718	0.054072	0.271489	0.089886
315	0.034718	0.054072	0.237804	0.057593
316	0.034718	0.054072	0.349895	0.169686
317	0.034718	0.054072	0.234898	0.054677
318	0.034718	0.054072	0.250852	0.070627
319	0.034718	0.054072	0.234290	0.054069
320	0.034718	0.054072	0.255831	0.093336
321	0.034718	0.054072	0.231863	0.051639
322	0.034718	0.054072	0.236540	0.088358
323	0.034718	0.054072	0.262510	0.050243
324	0.034718	0.054072	0.237018	0.056797
325	0.034718	0.054072	0.265366	0.085921
326	0.034718	0.054072	0.234292	0.053277
327	0.034718	0.054072	0.391286	0.211061
328	0.034718	0.054072	0.230471	0.050241
329	0.034718	0.054072	0.236538	0.056311
330	0.034718	0.054072	0.242607	0.062378
331	0.034718	0.054072	0.233506	0.053275
332	0.034718	0.054072	0.253959	0.073728
333	0.034718	0.054072	0.230471	0.050240
334	0.034718	0.054072	0.236060	0.055829
335	0.034718	0.054072	0.254565	0.077547
336	0.034718	0.054072	0.230473	0.047026
337	0.034718	0.054072	0.235146	0.054911
338	0.034718	0.054072	0.265364	0.085131
339	0.034718	0.054072	0.232418	0.052177
340	0.034718	0.054072	0.428433	0.247710
341	0.034718	0.054072	0.225259	0.045498
342	0.034718	0.054072	0.232114	0.051875
343	0.034718	0.054072	0.246071	0.065830
344	0.034718	0.054072	0.229207	0.049443
345	0.034718	0.054072	0.228774	0.048060
346	0.034718	0.054072	0.253351	0.073114
347	0.034718	0.054072	0.228599	0.048366
348	0.034718	0.054072	0.228295	0.048062
349	0.034718	0.054072	0.259851	0.080712
350	0.034718	0.054072	0.229208	0.048368
351	0.034718	0.054072	0.228774	0.048054
352	0.034718	0.054072	0.267435	0.087205
353	0.034718	0.054072	0.229209	0.048974
354	0.034718	0.054072	0.227384	0.047147
355	0.034718	0.054072	0.654941	0.474706
356	0.034718	0.054072	0.223869	0.045024
357	0.034718	0.054072	0.231634	0.050017
358	0.034718	0.054072	0.229810	0.049591
359	0.034718	0.054072	0.239345	0.059106
360	0.034718	0.054072	0.225385	0.046564
361	0.034718	0.054072	0.234668	0.053059
362	0.034718	0.054072	0.245109	0.064892
363	0.034718	0.054072	0.228120	0.047897
364	0.034718	0.054072	0.226294	0.046062
365	0.034718	0.054072	0.229026	0.048781
366	0.034718	0.054072	0.254514	0.074289
367	0.034718	0.054072	0.225385	0.045144
368	0.034718	0.054072	0.234188	0.053945
369	0.034718	0.054072	0.258889	0.079426
370	0.034718	0.054072	0.223867	0.042868
371	0.034718	0.054072	0.231156	0.050941
372	0.034718	0.054072	0.227026	0.046813
373	0.034718	0.054072	0.305793	0.125582
374	0.034718	0.054072	0.223387	0.043174
375	0.034718	0.054072	0.229762	0.050031
376	0.034718	0.054072	0.227810	0.047125
377	0.034718	0.054072	0.236738	0.056534
378	0.034718	0.054072	0.223387	0.043186
379	0.034718	0.054072	0.229764	0.049559
380	0.034718	0.054072	0.227026	0.046817
381	0.034718	0.054072	0.244019	0.063818
382	0.034718	0.054072	0.223083	0.042880
383	0.034718	0.054072	0.224907	0.044708
384	0.034718	0.054072	0.232796	0.070323
385	0.034718	0.054072	0.250821	0.070614
386	0.034718	0.054072	0.222475	0.042280
387	0.034718	0.054072	0.224297	0.044100
388	0.034718	0.054072	0.225032	0.045911
389	0.034718	0.054072	0.227636	0.046339
390	0.034718	0.054072	0.258409	0.079594
391	0.034718	0.054072	0.223387	0.041790
392	0.034718	0.054072	0.223515	0.043308
393	0.034718	0.054072	0.232796	0.052589
394	0.034718	0.054072	0.341852	0.161645
395	0.034718	0.054072	0.221997	0.041792
396	0.034718	0.054072	0.223515	0.043310
397	0.034718	0.054072	0.225031	0.044827
398	0.034718	0.054072	0.226546	0.046343
399	0.034718	0.054072	0.235649	0.055927
400	0.034718	0.054072	0.221997	0.041318
401	0.034718	0.054072	0.223515	0.043310
402	0.034718	0.054072	0.225032	0.044828
403	0.034718	0.054072	0.226546	0.046347
404	0.034718	0.054072	0.218784	0.063032
405	0.034718	0.054072	0.243235	0.038579
406	0.034718	0.054072	0.221995	0.041792
407	0.034718	0.054072	0.222123	0.043314
408	0.034718	0.054072	0.225031	0.043438
409	0.034718	0.054072	0.226546	0.046343
410	0.034718	0.054072	0.249735	0.069532
411	0.034718	0.054072	0.221213	0.041792
412	0.034718	0.054072	0.223513	0.042522
413	0.034718	0.054072	0.224552	0.044348
414	0.034718	0.054072	0.226548	0.038571
415	0.034718	0.054072	0.218782	0.044945
416	0.034718	0.054072	0.257017	0.078202
417	0.034718	0.054072	0.220907	0.040706
418	0.034718	0.054072	0.222729	0.042518
419	0.034718	0.054072	0.224550	0.044342
420	0.034718	0.054072	0.218782	0.038567
421	0.034718	0.054072	0.225154	0.044949
422	0.034718	0.054072	0.378693	0.198484
423	0.034718	0.054072	0.221211	0.040998
424	0.034718	0.054072	0.223033	0.042822
425	0.034718	0.054072	0.218782	0.038519
426	0.034718	0.054072	0.223641	0.043429
427	0.034718	0.054072	0.224676	0.044419
428	0.034718	0.054072	0.235171	0.054954
429	0.034718	0.054072	0.218784	0.038521
430	0.034718	0.054072	0.219515	0.039256
431	0.034718	0.054072	0.222729	0.042460
432	0.034718	0.054072	0.224553	0.044289
433	0.034718	0.054072	0.217390	0.037131
434	0.034718	0.054072	0.225460	0.045185
435	0.034718	0.054072	0.241971	0.061702
436	0.034718	0.054072	0.218782	0.037121
437	0.034718	0.054072	0.219515	0.040632
438	0.034718	0.054072	0.222251	0.041974
439	0.034718	0.054072	0.217392	0.037129
440	0.034718	0.054072	0.223945	0.043669
441	0.034718	0.054072	0.225282	0.045009
442	0.034718	0.054072	0.217392	0.037137
443	0.034718	0.054072	0.248951	0.068688
444	0.034718	0.054072	0.221515	0.041250
445	0.034718	0.054072	0.217390	0.037145
446	0.034718	0.054072	0.221643	0.041408
447	0.034718	0.054072	0.218302	0.038057
448	0.034718	0.054072	0.222553	0.060061
449	0.034718	0.054072	0.225282	0.045061
450	0.034718	0.054072	0.217390	0.037159
451	0.034718	0.054072	0.256537	0.075826
452	0.034718	0.054072	0.218302	0.037167
453	0.034718	0.054072	0.218731	0.039894
454	0.034718	0.054072	0.218302	0.038085
455	0.034718	0.054072	0.221033	0.040804
456	0.034718	0.054072	0.223769	0.037295
457	0.034718	0.054072	0.216302	0.042314
458	0.034718	0.054072	0.225282	0.045055
459	0.034718	0.054072	0.217390	0.037159
460	0.034718	0.054072	0.415835	0.235591
461	0.034718	0.054072	0.216910	0.036657
462	0.034718	0.054072	0.220125	0.039876
463	0.034718	0.054072	0.218304	0.036679
464	0.034718	0.054072	0.220249	0.041396
465	0.034718	0.054072	0.218304	0.038073
466	0.034718	0.054072	0.221768	0.041510
467	0.034718	0.054072	0.218302	0.038047
468	0.034718	0.054072	0.223284	0.043027
469	0.034718	0.054072	0.218304	0.038071
470	0.034718	0.054072	0.232386	0.052140
471	0.034718	0.054072	0.218304	0.036675
472	0.034718	0.054072	0.218733	0.039904
473	0.034718	0.054072	0.216912	0.036669
474	0.034718	0.054072	0.221641	0.040906
475	0.034718	0.054072	0.216912	0.037143
476	0.034718	0.054072	0.222679	0.042434
477	0.034718	0.054072	0.217390	0.036087
478	0.034718	0.054072	0.224196	0.045057
479	0.034718	0.054072	0.216302	0.036075
480	0.034718	0.054072	0.217518	0.037287
481	0.034718	0.054072	0.239973	0.059758
482	0.034718	0.054072	0.218302	0.038077
483	0.034718	0.054072	0.218733	0.038524
484	0.034718	0.054072	0.216912	0.036742
485	0.034718	0.054072	0.221163	0.040948
486	0.034718	0.054072	0.216304	0.036145
487	0.034718	0.054072	0.217520	0.037388
488	0.034718	0.054072	0.221766	0.041551
489	0.034718	0.054072	0.216912	0.036743
490	0.034718	0.054072	0.224196	0.044001
491	0.034718	0.054072	0.216304	0.036189
492	0.034718	0.054072	0.217520	0.037403
493	0.034718	0.054072	0.247557	0.067398
494	0.034718	0.054072	0.216912	0.036767
495	0.034718	0.054072	0.219643	0.039528
496	0.034718	0.054072	0.216304	0.036130
497	0.034718	0.054072	0.217520	0.037423
498	0.034718	0.054072	0.219771	0.039678
499	0.034718	0.054072	0.216302	0.036199
500	0.034718	0.054072	0.217520	0.037415
501	0.034718	0.054072	0.221768	0.041557
502	0.034718	0.054072	0.216912	0.036769
503	0.034718	0.054072	0.216432	0.036238
504	0.034718	0.054072	0.223282	0.043076
505	0.034718	0.054072	0.216910	0.036750
506	0.034718	0.054072	0.216432	0.036279
507	0.034718	0.054072	0.255143	0.074927
508	0.034718	0.054072	0.216912	0.035653
509	0.034718	0.054072	0.216430	0.037283
510	0.034718	0.054072	0.218733	0.038492
511	0.034718	0.054072	0.215822	0.035572
512	0.034718	0.054072	0.217518	0.054986
513	0.034718	0.054072	0.220251	0.039528
514	0.034718	0.054072	0.215824	0.036088
515	0.034718	0.054072	0.217518	0.035877
516	0.034718	0.054072	0.221289	0.042447
517	0.034718	0.054072	0.216302	0.035279
518	0.034718	0.054072	0.216128	0.036685
519	0.034718	0.054072	0.224196	0.036189
520	0.034718	0.054072	0.215518	0.043058
521	0.034718	0.054072	0.215822	0.035610
522	0.034718	0.054072	0.217520	0.035968
523	0.034718	0.054072	0.831202	0.652384
524	0.034718	0.054072	0.215520	0.035281
525	0.034718	0.054072	0.216910	0.036748
526	0.034718	0.054072	0.216430	0.036268
527	0.034718	0.054072	0.218731	0.038057
528	0.034718	0.054072	0.215822	0.036094
529	0.034718	0.054072	0.216128	0.035972
530	0.034718	0.054072	0.221163	0.036255
531	0.034718	0.054072	0.215518	0.040066
532	0.034718	0.054072	0.215822	0.035654
533	0.034718	0.054072	0.216126	0.035964
534	0.034718	0.054072	0.222680	0.042521
535	0.034718	0.054072	0.215520	0.035372
536	0.034718	0.054072	0.215822	0.035666
537	0.034718	0.054072	0.217518	0.035978
538	0.034718	0.054072	0.222802	0.044050
539	0.034718	0.054072	0.215518	0.035378
540	0.034718	0.054072	0.215822	0.035686
541	0.034718	0.054072	0.216126	0.035976
542	0.034718	0.054072	0.216430	0.036296
543	0.034718	0.054072	0.232388	0.051769
544	0.034718	0.054072	0.215824	0.036150
545	0.034718	0.054072	0.216128	0.035992
546	0.034718	0.054072	0.216430	0.036290
547	0.034718	0.054072	0.218253	0.038109
548	0.034718	0.054072	0.215518	0.035394
549	0.034718	0.054072	0.215822	0.035688
550	0.034718	0.054072	0.216126	0.036002
551	0.034718	0.054072	0.221163	0.036298
552	0.034718	0.054072	0.215518	0.039645
553	0.034718	0.054072	0.215822	0.035384
554	0.034718	0.054072	0.216126	0.035702
555	0.034718	0.054072	0.216432	0.037378
556	0.034718	0.054072	0.221286	0.041169
557	0.034718	0.054072	0.215518	0.035371
558	0.034718	0.054072	0.215822	0.035698
559	0.034718	0.054072	0.216128	0.036004
560	0.034718	0.054072	0.216430	0.036302
561	0.034718	0.054072	0.222804	0.042684
562	0.034718	0.054072	0.215518	0.034837
563	0.034718	0.054072	0.215822	0.035321
564	0.034718	0.054072	0.216126	0.035704
565	0.034718	0.054072	0.216432	0.035926
566	0.034718	0.054072	0.215040	0.036236
567	0.034718	0.054072	0.239493	0.059369
568	0.034718	0.054072	0.215518	0.035324
569	0.034718	0.054072	0.215822	0.035643
570	0.034718	0.054072	0.216128	0.035921
571	0.034718	0.054072	0.216430	0.036225
572	0.034718	0.054072	0.218251	0.038065
573	0.034718	0.054072	0.215518	0.035313
574	0.034718	0.054072	0.215040	0.035696
575	0.034718	0.054072	0.215822	0.034837
576	0.034718	0.054072	0.216126	0.053655
577	0.034718	0.054072	0.216430	0.036236
578	0.034718	0.054072	0.219771	0.039574
579	0.034718	0.054072	0.215520	0.035331
580	0.034718	0.054072	0.215824	0.035621
581	0.034718	0.054072	0.215040	0.034837
582	0.034718	0.054072	0.216126	0.035929
583	0.034718	0.054072	0.216430	0.036241
584	0.034718	0.054072	0.221289	0.041091
585	0.034718	0.054072	0.215518	0.035327
586	0.034718	0.054072	0.215038	0.034845
587	0.034718	0.054072	0.215822	0.035639
588	0.034718	0.054072	0.216128	0.035928
589	0.034718	0.054072	0.216432	0.036224
590	0.034718	0.054072	0.215040	0.034842
591	0.034718	0.054072	0.222802	0.042598
592	0.034718	0.054072	0.215518	0.035330
593	0.034718	0.054072	0.215824	0.035630
594	0.034718	0.054072	0.215040	0.034844
595	0.034718	0.054072	0.216126	0.035932
596	0.034718	0.054072	0.216430	0.036250
597	0.034718	0.054072	0.215038	0.034835
598	0.034718	0.054072	0.247077	0.066882
599	0.034718	0.054072	0.215520	0.035323
600	0.034718	0.054072	0.215040	0.034847
601	0.034718	0.054072	0.215822	0.035619
602	0.034718	0.054072	0.216128	0.035915
603	0.034718	0.054072	0.215038	0.034820
604	0.034718	0.054072	0.216432	0.036204
605	0.034718	0.054072	0.218251	0.038023
606	0.034718	0.054072	0.215038	0.034814
607	0.034718	0.054072	0.215518	0.035300
608	0.034718	0.054072	0.215040	0.034810
609	0.034718	0.054072	0.215824	0.035595
610	0.034718	0.054072	0.216126	0.035902
611	0.034718	0.054072	0.215040	0.034823
612	0.034718	0.054072	0.216432	0.036207
613	0.034718	0.054072	0.215038	0.034855
614	0.034718	0.054072	0.219771	0.039566
615	0.034718	0.054072	0.215518	0.035300
616	0.034718	0.054072	0.215038	0.034833
617	0.034718	0.054072	0.215824	0.035584
618	0.034718	0.054072	0.215040	0.034835
619	0.034718	0.054072	0.216126	0.035933
620	0.034718	0.054072	0.215040	0.034845
621	0.034718	0.054072	0.216430	0.036231
622	0.034718	0.054072	0.221287	0.041044
623	0.034718	0.054072	0.215038	0.034803
624	0.034718	0.054072	0.215520	0.034799
625	0.034718	0.054072	0.215038	0.035325
626	0.034718	0.054072	0.215822	0.035586
627	0.034718	0.054072	0.215038	0.034805
628	0.034718	0.054072	0.216126	0.035896
629	0.034718	0.054072	0.215040	0.034807
630	0.034718	0.054072	0.216430	0.034797
631	0.034718	0.054072	0.215038	0.036236
632	0.034718	0.054072	0.222802	0.034807
633	0.034718	0.054072	0.215040	0.042567
634	0.034718	0.054072	0.215518	0.034801
635	0.034718	0.054072	0.215040	0.035285
636	0.034718	0.054072	0.215038	0.034803
637	0.034718	0.054072	0.215824	0.035581
638	0.034718	0.054072	0.215038	0.034831
639	0.034718	0.054072	0.216126	0.035889
640	0.034718	0.054072	0.215040	0.052529
641	0.034718	0.054072	0.216432	0.036191
642	0.034718	0.054072	0.215040	0.034805
643	0.034718	0.054072	0.254663	0.074430
644	0.034718	0.054072	0.215040	0.034805
645	0.034718	0.054072	0.215518	0.034807
646	0.034718	0.054072	0.215038	0.035297
647	0.034718	0.054072	0.215038	0.034807
648	0.034718	0.054072	0.215822	0.035593
649	0.034718	0.054072	0.215038	0.034809
650	0.034718	0.054072	0.216128	0.034805
651	0.034718	0.054072	0.215038	0.035893
652	0.034718	0.054072	0.215038	0.034803
653	0.034718	0.054072	0.216430	0.036205
654	0.034718	0.054072	0.215040	0.034811
655	0.034718	0.054072	0.218251	0.038018
656	0.034718	0.054072	0.215040	0.034813
657	0.034718	0.054072	0.215038	0.034821
658	0.034718	0.054072	0.215520	0.035297
659	0.034718	0.054072	0.215040	0.034821
660	0.034718	0.054072	0.215038	0.034811
661	0.034718	0.054072	0.215822	0.035597
662	0.034718	0.054072	0.215040	0.034809
663	0.034718	0.054072	0.215040	0.034821
664	0.034718	0.054072	0.216126	0.035899
665	0.034718	0.054072	0.215038	0.034819
666	0.034718	0.054072	0.215038	0.034815
667	0.034718	0.054072	0.216430	0.036209
668	0.034718	0.054072	0.215038	0.034821
669	0.034718	0.054072	0.215040	0.034819
670	0.034718	0.054072	0.219769	0.039554
671	0.034718	0.054072	0.215038	0.034819
672	0.034718	0.054072	0.215038	0.034815
673	0.034718	0.054072	0.215518	0.035303
674	0.034718	0.054072	0.215038	0.034825
675	0.034718	0.054072	0.215040	0.034817
676	0.034718	0.054072	0.215824	0.035605
677	0.034718	0.054072	0.215038	0.034821
678	0.034718	0.054072	0.215038	0.034815
679	0.034718	0.054072	0.216126	0.035907
680	0.034718	0.054072	0.215038	0.034813
681	0.034718	0.054072	0.215038	0.034821
682	0.034718	0.054072	0.216430	0.036182
683	0.034718	0.054072	0.215038	0.034825
684	0.034718	0.054072	0.215040	0.034807
685	0.034718	0.054072	0.215038	0.034821
686	0.034718	0.054072	0.221289	0.041069
687	0.034718	0.054072	0.215038	0.034825
688	0.034718	0.054072	0.215040	0.034786
689	0.034718	0.054072	0.215520	0.034790
690	0.034718	0.054072	0.215038	0.035297
691	0.034718	0.054072	0.215040	0.034785
692	0.034718	0.054072	0.215040	0.034821
693	0.034718	0.054072	0.215822	0.035580
694	0.034718	0.054072	0.215040	0.034811
695	0.034718	0.054072	0.215038	0.034821
696	0.034718	0.054072	0.215038	0.034778
697	0.034718	0.054072	0.216128	0.035892
698	0.034718	0.054072	0.215038	0.034821
699	0.034718	0.054072	0.215040	0.034814
700	0.034718	0.054072	0.215038	0.034775
701	0.034718	0.054072	0.216432	0.036178
702	0.034718	0.054072	0.215040	0.034785
703	0.034718	0.054072	0.215038	0.034777
704	0.034718	0.054072	0.215040	0.052503
705	0.034718	0.054072	0.222802	0.042587
706	0.034718	0.054072	0.215038	0.034804
707	0.034718	0.054072	0.215038	0.034777
708	0.034718	0.054072	0.215038	0.034783
709	0.034718	0.054072	0.215518	0.034777
710	0.034718	0.054072	0.215038	0.035257
711	0.034718	0.054072	0.215040	0.034793
712	0.034718	0.054072	0.215038	0.034779
713	0.034718	0.054072	0.215038	0.034785
714	0.034718	0.054072	0.215822	0.034779
715	0.034718	0.054072	0.215040	0.035563
716	0.034718	0.054072	0.215038	0.034779
717	0.034718	0.054072	0.215040	0.034779
718	0.034718	0.054072	0.215040	0.034779
719	0.034718	0.054072	0.216128	0.035867
720	0.034718	0.054072	0.215038	0.034777
721	0.034718	0.054072	0.215038	0.034777
722	0.034718	0.054072	0.215040	0.034785
723	0.034718	0.054072	0.215038	0.034781
724	0.034718	0.054072	0.216432	0.034783
725	0.034718	0.054072	0.215038	0.036177
726	0.034718	0.054072	0.215038	0.034779
727	0.034718	0.054072	0.215038	0.034783
728	0.034718	0.054072	0.215040	0.034779
729	0.034718	0.054072	0.215038	0.034783
730	0.034718	0.054072	0.300177	0.119920
731	0.034718	0.054072	0.215040	0.034779
732	0.034718	0.054072	0.215038	0.034783
733	0.034718	0.054072	0.215040	0.034783
734	0.034718	0.054072	0.215038	0.034783
735	0.034718	0.054072	0.215038	0.034785
736	0.034718	0.054072	0.215518	0.035263
737	0.034718	0.054072	0.215038	0.034785
738	0.034718	0.054072	0.215038	0.034780
739	0.034718	0.054072	0.215038	0.034780
740	0.034718	0.054072	0.215038	0.034776
741	0.034718	0.054072	0.215038	0.034782
742	0.034718	0.054072	0.215824	0.035564
743	0.034718	0.054072	0.215038	0.034786
744	0.034718	0.054072	0.215038	0.034782
745	0.034718	0.054072	0.215038	0.034782
746	0.034718	0.054072	0.215038	0.034780
747	0.034718	0.054072	0.215038	0.034784
748	0.034718	0.054072	0.215038	0.034782
749	0.034718	0.054072	0.216126	0.035866
750	0.034718	0.054072	0.215040	0.034780
751	0.034718	0.054072	0.215038	0.034779
752	0.034718	0.054072	0.215040	0.034778
753	0.034718	0.054072	0.215038	0.034783
754	0.034718	0.054072	0.215038	0.034783
755	0.034718	0.054072	0.215040	0.034781
756	0.034718	0.054072	0.216432	0.036170
757	0.034718	0.054072	0.215040	0.034783
758	0.034718	0.054072	0.215038	0.034778
759	0.034718	0.054072	0.215038	0.034785
760	0.034718	0.054072	0.215038	0.034779
761	0.034718	0.054072	0.215038	0.034779
762	0.034718	0.054072	0.215038	0.034774
763	0.034718	0.054072	0.218251	0.037989
764	0.034718	0.054072	0.215038	0.034780
765	0.034718	0.054072	0.215038	0.034772
766	0.034718	0.054072	0.215038	0.034776
767	0.034718	0.054072	0.215038	0.034776
768	0.034718	0.054072	0.215038	0.052504
769	0.034718	0.054072	0.215038	0.034774
770	0.034718	0.054072	0.215040	0.034774
771	0.034718	0.054072	0.215040	0.035257
772	0.034718	0.054072	0.215520	0.034773
773	0.034718	0.054072	0.215040	0.034777
774	0.034718	0.054072	0.215038	0.034775
775	0.034718	0.054072	0.215038	0.034775
776	0.034718	0.054072	0.215038	0.034773
777	0.034718	0.054072	0.215040	0.034773
778	0.034718	0.054072	0.215038	0.034779
779	0.034718	0.054072	0.215038	0.034773
780	0.034718	0.054072	0.215824	0.035555
781	0.034718	0.054072	0.215038	0.034771
782	0.034718	0.054072	0.215038	0.034772
783	0.034718	0.054072	0.215038	0.034772
784	0.034718	0.054072	0.215040	0.034768
785	0.034718	0.054072	0.215040	0.034768
786	0.034718	0.054072	0.215038	0.034769
787	0.034718	0.054072	0.215040	0.034763
788	0.034718	0.054072	0.215038	0.034760
789	0.034718	0.054072	0.215038	0.034771
790	0.034718	0.054072	0.216126	0.035859
791	0.034718	0.054072	0.215040	0.034771
792	0.034718	0.054072	0.215038	0.034762
793	0.034718	0.054072	0.215038	0.034762
794	0.034718	0.054072	0.215038	0.034760
795	0.034718	0.054072	0.215040	0.034775
796	0.034718	0.054072	0.215040	0.034762
797	0.034718	0.054072	0.215038	0.034765
798	0.034718	0.054072	0.215038	0.034762
799	0.034718	0.054072	0.215040	0.034762
800	0.034718	0.054072	0.215038	0.034775
801	0.034718	0.054072	0.216430	0.036159
802	0.034718	0.054072	0.215040	0.034759
803	0.034718	0.054072	0.215040	0.034763
804	0.034718	0.054072	0.215038	0.034770
805	0.034718	0.054072	0.215040	0.034767
806	0.034718	0.054072	0.215040	0.034765
807	0.034718	0.054072	0.215038	0.034765
808	0.034718	0.054072	0.215038	0.034763
809	0.034718	0.054072	0.215040	0.034761
810	0.034718	0.054072	0.215040	0.034763
811	0.034718	0.054072	0.215040	0.034765
812	0.034718	0.054072	0.215038	0.034765
813	0.034718	0.054072	0.219769	0.034761
814	0.034718	0.054072	0.215038	0.039495
815	0.034718	0.054072	0.215038	0.034767
816	0.034718	0.054072	0.215038	0.034765
817	0.034718	0.054072	0.215038	0.034765
818	0.034718	0.054072	0.215040	0.034767
819	0.034718	0.054072	0.215038	0.034765
820	0.034718	0.054072	0.215040	0.034763
821	0.034718	0.054072	0.215038	0.034765
822	0.034718	0.054072	0.215040	0.034754
823	0.034718	0.054072	0.215038	0.034756
824	0.034718	0.054072	0.215040	0.034765
825	0.034718	0.054072	0.215040	0.034764
826	0.034718	0.054072	0.215040	0.034757
827	0.034718	0.054072	0.215040	0.034763
828	0.034718	0.054072	0.215518	0.035247
829	0.034718	0.054072	0.215040	0.034756
830	0.034718	0.054072	0.215040	0.034765
831	0.034718	0.054072	0.215038	0.034756
832	0.034718	0.054072	0.215040	0.052492
833	0.034718	0.054072	0.215038	0.034761
834	0.034718	0.054072	0.215040	0.034765
835	0.034718	0.054072	0.215040	0.034765
836	0.034718	0.054072	0.215038	0.034756
837	0.034718	0.054072	0.215040	0.034767
838	0.034718	0.054072	0.215040	0.034756
839	0.034718	0.054072	0.215042	0.034754
840	0.034718	0.054072	0.215038	0.034758
841	0.034718	0.054072	0.215042	0.034756
842	0.034718	0.054072	0.215040	0.034763
843	0.034718	0.054072	0.215042	0.034765
844	0.034718	0.054072	0.215044	0.034754
845	0.034718	0.054072	0.215822	0.035551
846	0.034718	0.054072	0.215038	0.034756
847	0.034718	0.054072	0.215038	0.034756
848	0.034718	0.054072	0.215040	0.034756
849	0.034718	0.054072	0.215042	0.034756
850	0.034718	0.054072	0.215042	0.034756
851	0.034718	0.054072	0.215042	0.034756
852	0.034718	0.054072	0.215042	0.034767
853	0.034718	0.054072	0.215042	0.034767
854	0.034718	0.054072	0.215044	0.034765
855	0.034718	0.054072	0.215040	0.034767
856	0.034718	0.054072	0.215038	0.034756
857	0.034718	0.054072	0.215040	0.034758
858	0.034718	0.054072	0.215038	0.034767
859	0.034718	0.054072	0.215042	0.034756
860	0.034718	0.054072	0.215043	0.034765
861	0.034718	0.054072	0.215038	0.034754
862	0.034718	0.054072	0.215042	0.034761
863	0.034718	0.054072	0.216128	0.035844
864	0.034718	0.054072	0.215038	0.034758
865	0.034718	0.054072	0.215038	0.034756
866	0.034718	0.054072	0.215044	0.034756
867	0.034718	0.054072	0.215040	0.034756
868	0.034718	0.054072	0.215042	0.034756
869	0.034718	0.054072	0.215042	0.034754
870	0.034718	0.054072	0.215042	0.034756
871	0.034718	0.054072	0.215042	0.034764
872	0.034718	0.054072	0.215042	0.034758
873	0.034718	0.054072	0.215044	0.034756
874	0.034718	0.054072	0.215038	0.034756
875	0.034718	0.054072	0.215041	0.034757
876	0.034718	0.054072	0.215040	0.034756
877	0.034718	0.054072	0.215040	0.034758
878	0.034718	0.054072	0.215042	0.034758
879	0.034718	0.054072	0.215042	0.034756
880	0.034718	0.054072	0.215044	0.034756
881	0.034718	0.054072	0.215041	0.034756
882	0.034718	0.054072	0.215042	0.034758
883	0.034718	0.054072	0.215042	0.034756
884	0.034718	0.054072	0.215042	0.034756
885	0.034718	0.054072	0.215042	0.034754
886	0.034718	0.054072	0.216436	0.036148
887	0.034718	0.054072	0.215042	0.034756
888	0.034718	0.054072	0.215042	0.034758
889	0.034718	0.054072	0.215042	0.034758
890	0.034718	0.054072	0.215044	0.034758
891	0.034718	0.054072	0.215041	0.034758
892	0.034718	0.054072	0.215044	0.034758
893	0.034718	0.054072	0.215041	0.034756
894	0.034718	0.054072	0.215044	0.034758
895	0.034718	0.054072	0.215044	0.034760
896	0.034718	0.054072	0.215042	0.052484
897	0.034718	0.054072	0.215041	0.034758
898	0.034718	0.054072	0.215043	0.034758
899	0.034718	0.054072	0.215042	0.034758
900	0.034718	0.054072	0.215043	0.034758
901	0.034718	0.054072	0.215043	0.034758
902	0.034718	0.054072	0.215044	0.034758
903	0.034718	0.054072	0.215041	0.034756
904	0.034718	0.054072	0.215041	0.034756
905	0.034718	0.054072	0.215041	0.034758
906	0.034718	0.054072	0.215044	0.034756
907	0.034718	0.054072	0.215042	0.034758
908	0.034718	0.054072	0.215044	0.034758
909	0.034718	0.054072	0.215042	0.034758
910	0.034718	0.054072	0.215044	0.034756
911	0.034718	0.054072	0.215041	0.034760
912	0.034718	0.054072	0.215041	0.034758
913	0.034718	0.054072	0.215040	0.034758
914	0.034718	0.054072	0.215039	0.034756
915	0.034718	0.054072	0.215043	0.034758
916	0.034718	0.054072	0.215041	0.034756
917	0.034718	0.054072	0.221290	0.041007
918	0.034718	0.054072	0.215043	0.034756
919	0.034718	0.054072	0.215042	0.034760
920	0.034718	0.054072	0.215044	0.034760
921	0.034718	0.054072	0.215042	0.034758
922	0.034718	0.054072	0.215039	0.034758
923	0.034718	0.054072	0.215043	0.034758
924	0.034718	0.054072	0.216305	0.036022
