Query	FD-Tree	Skan	Adaptive Merging	Lazy Adaptive Merging
1	0.019865	0.159120	0.460850	0.246189
2	0.019865	0.159120	0.579376	0.364902
3	0.019865	0.159120	0.571228	0.356948
4	0.019865	0.159120	0.699830	0.484989
5	0.019865	0.159120	0.586096	0.371398
6	0.019865	0.159120	0.558716	0.344257
7	0.019865	0.159120	0.416413	0.602148
8	0.019865	0.159120	0.574076	0.359214
9	0.019865	0.159120	0.432918	0.325719
10	0.019865	0.159120	0.438441	0.731393
11	0.019865	0.159120	0.400286	0.293462
12	0.019865	0.159120	0.478023	0.370630
13	0.019865	0.159120	0.466027	0.358807
14	0.019865	0.159120	0.872931	0.765920
15	0.019865	0.159120	0.403127	0.296238
16	0.019865	0.159120	0.522145	0.414658
17	0.019865	0.159120	0.467435	0.860099
18	0.019865	0.159120	0.420860	0.313741
19	0.019865	0.159120	0.417020	0.310023
20	0.019865	0.159120	0.480979	1.074169
21	0.019865	0.159120	0.356049	0.248649
22	0.019865	0.159120	0.399249	0.292014
23	0.019865	0.159120	0.514427	0.407343
24	0.019865	0.159120	0.577265	0.470290
25	0.019865	0.159120	0.429462	0.322674
26	0.019865	0.159120	0.400163	0.292734
27	0.019865	0.159120	0.418411	0.311169
28	0.019865	0.159120	0.438960	0.631870
29	0.019865	0.159120	0.363691	0.256679
30	0.019865	0.159120	0.403504	0.296686
31	0.019865	0.159120	0.421752	0.314380
32	0.019865	0.159120	0.443056	0.735793
33	0.019865	0.159120	0.359805	0.252693
34	0.019865	0.159120	0.389564	0.282553
35	0.019865	0.159120	0.415953	0.309071
36	0.019865	0.159120	0.451952	0.845221
37	0.019865	0.159120	0.353553	0.246218
38	0.019865	0.159120	0.378966	0.271818
39	0.019865	0.159120	0.411153	0.304077
40	0.019865	0.159120	0.437122	1.530254
41	0.019865	0.159120	0.395279	0.288440
42	0.019865	0.159120	0.363107	0.255663
43	0.019865	0.159120	0.398174	0.290810
44	0.019865	0.159120	0.546437	0.439289
45	0.019865	0.159120	0.311743	0.204652
46	0.019865	0.159120	0.359275	0.252292
47	0.019865	0.159120	0.359728	0.252918
48	0.019865	0.159120	0.387576	0.280852
49	0.019865	0.159120	0.669733	0.562383
50	0.019865	0.159120	0.310283	0.203142
51	0.019865	0.159120	0.335236	0.228167
52	0.019865	0.159120	0.360188	0.253242
53	0.019865	0.159120	0.379857	0.273026
54	0.019865	0.159120	0.417021	0.710290
55	0.019865	0.159120	0.331857	0.224486
56	0.019865	0.159120	0.355842	0.248579
57	0.019865	0.159120	0.254573	0.147432
58	0.019865	0.159120	0.375511	0.268507
59	0.019865	0.159120	0.480305	0.773359
60	0.019865	0.159120	0.305445	0.198606
61	0.019865	0.159120	0.330398	0.222933
62	0.019865	0.159120	0.327011	0.219610
63	0.019865	0.159120	0.374059	0.266824
64	0.019865	0.159120	0.382061	1.484712
65	0.019865	0.159120	0.300146	0.193105
66	0.019865	0.159120	0.313079	0.206118
67	0.019865	0.159120	0.345704	0.238858
68	0.019865	0.159120	0.363960	0.257215
69	0.019865	0.159120	0.516555	0.409133
70	0.019865	0.159120	0.246854	0.139512
71	0.019865	0.159120	0.275140	0.167956
72	0.019865	0.159120	0.304893	0.197795
73	0.019865	0.159120	0.344252	0.237205
74	0.019865	0.159120	0.354821	0.247903
75	0.019865	0.159120	0.622071	0.515225
76	0.019865	0.159120	0.242976	0.136209
77	0.019865	0.159120	0.274187	0.166758
78	0.019865	0.159120	0.298142	0.190814
79	0.019865	0.159120	0.329353	0.222111
80	0.019865	0.159120	0.358161	0.250963
81	0.019865	0.159120	0.241517	0.134426
82	0.019865	0.159120	0.707934	0.600973
83	0.019865	0.159120	0.277029	0.170190
84	0.019865	0.159120	0.306782	0.199921
85	0.019865	0.159120	0.239098	0.132302
86	0.019865	0.159120	0.300054	0.192596
87	0.019865	0.159120	0.345643	0.238329
88	0.019865	0.159120	0.858110	0.750868
89	0.019865	0.159120	0.214138	0.106997
90	0.019865	0.159120	0.269311	0.162213
91	0.019865	0.159120	0.290915	0.183926
92	0.019865	0.159120	0.235718	0.128851
93	0.019865	0.159120	0.292328	0.185432
94	0.019865	0.159120	0.339384	0.232624
95	0.019865	0.159120	0.232838	0.125395
96	0.019865	0.159120	0.441401	1.634044
97	0.019865	0.159120	0.264004	0.156698
98	0.019865	0.159120	0.231379	0.124152
99	0.019865	0.159120	0.265917	0.158776
100	0.019865	0.159120	0.310069	0.203014
101	0.019865	0.159120	0.210252	0.103291
102	0.019865	0.159120	0.326405	0.219494
103	0.019865	0.159120	0.221280	0.114391
104	0.019865	0.159120	0.456420	0.349625
105	0.019865	0.159120	0.269764	0.163026
106	0.019865	0.159120	0.221280	0.113851
107	0.019865	0.159120	0.264465	0.157144
108	0.019865	0.159120	0.206381	0.099103
109	0.019865	0.159120	0.288457	0.181237
110	0.019865	0.159120	0.327326	0.220171
111	0.019865	0.159120	0.203501	0.096417
112	0.019865	0.159120	0.585982	0.478978
113	0.019865	0.159120	0.218861	0.111885
114	0.019865	0.159120	0.224114	0.117246
115	0.019865	0.159120	0.216941	0.110152
116	0.019865	0.159120	0.261079	0.154319
117	0.019865	0.159120	0.303779	0.197034
118	0.019865	0.159120	0.187181	0.080436
119	0.019865	0.159120	0.323940	0.216597
120	0.019865	0.159120	0.203002	0.095681
121	0.019865	0.159120	0.391492	0.584264
122	0.019865	0.159120	0.199622	0.092510
123	0.019865	0.159120	0.235634	0.128536
124	0.019865	0.159120	0.201082	0.094013
125	0.019865	0.159120	0.258167	0.151163
126	0.019865	0.159120	0.199622	0.092654
127	0.019865	0.159120	0.280240	0.173343
128	0.019865	0.159120	0.183302	0.086277
129	0.019865	0.159120	0.321528	0.214754
130	0.019865	0.159120	0.181375	0.073968
131	0.019865	0.159120	0.828235	0.720820
132	0.019865	0.159120	0.177036	0.069686
133	0.019865	0.159120	0.200582	0.093189
134	0.019865	0.159120	0.218315	0.110987
135	0.019865	0.159120	0.209683	0.102434
136	0.019865	0.159120	0.239428	0.132244
137	0.019865	0.159120	0.187603	0.083841
138	0.019865	0.159120	0.279740	0.169285
139	0.019865	0.159120	0.179923	0.072904
140	0.019865	0.159120	0.320061	0.213100
141	0.019865	0.159120	0.175584	0.068616
142	0.019865	0.159120	0.196236	0.089296
143	0.019865	0.159120	0.308882	1.702058
144	0.019865	0.159120	0.185184	0.078432
145	0.019865	0.159120	0.230795	0.124021
146	0.019865	0.159120	0.175584	0.068119
147	0.019865	0.159120	0.194784	0.087319
148	0.019865	0.159120	0.237969	0.130612
149	0.019865	0.159120	0.182758	0.075473
150	0.019865	0.159120	0.276361	0.169026
151	0.019865	0.159120	0.174118	0.066941
152	0.019865	0.159120	0.194784	0.087614
153	0.019865	0.159120	0.275870	0.168707
154	0.019865	0.159120	0.171245	0.064118
155	0.019865	0.159120	0.194777	0.087722
156	0.019865	0.159120	0.426552	0.319501
157	0.019865	0.159120	0.182765	0.075757
158	0.019865	0.159120	0.226917	0.120006
159	0.019865	0.159120	0.156346	0.049424
160	0.019865	0.159120	0.181805	0.074948
161	0.019865	0.159120	0.249950	0.143147
162	0.019865	0.159120	0.159226	0.052445
163	0.019865	0.159120	0.180845	0.074096
164	0.019865	0.159120	0.270563	0.163076
165	0.019865	0.159120	0.159226	0.051840
166	0.019865	0.159120	0.180838	0.073437
167	0.019865	0.159120	0.294571	0.187207
168	0.019865	0.159120	0.159226	0.051926
169	0.019865	0.159120	0.177466	0.070188
170	0.019865	0.159120	0.560408	0.453145
171	0.019865	0.159120	0.152959	0.045710
172	0.019865	0.159120	0.181306	0.074136
173	0.019865	0.159120	0.170746	0.063633
174	0.019865	0.159120	0.206719	0.099563
175	0.019865	0.159120	0.161146	0.054098
176	0.019865	0.159120	0.187526	0.080493
177	0.019865	0.159120	0.220151	0.113183
178	0.019865	0.159120	0.171706	0.064745
179	0.019865	0.159120	0.162559	0.055663
180	0.019865	0.159120	0.171206	0.064332
181	0.019865	0.159120	0.251816	0.144920
182	0.019865	0.159120	0.159679	0.052805
183	0.019865	0.159120	0.187519	0.080709
184	0.019865	0.159120	0.268144	0.161356
185	0.019865	0.159120	0.156806	0.050076
186	0.019865	0.159120	0.173587	0.066115
187	0.019865	0.159120	0.167359	0.060628
188	0.019865	0.159120	0.655857	0.548428
189	0.019865	0.159120	0.163987	0.056616
190	0.019865	0.159120	0.162559	0.055173
191	0.019865	0.159120	0.166867	0.059474
192	0.019865	0.159120	0.196619	0.099062
193	0.019865	0.159120	0.165439	0.058183
194	0.019865	0.159120	0.161107	0.053844
195	0.019865	0.159120	0.166867	0.059668
196	0.019865	0.159120	0.220605	0.113449
197	0.019865	0.159120	0.163980	0.056832
198	0.019865	0.159120	0.160140	0.052963
199	0.019865	0.159120	0.165907	0.058809
200	0.019865	0.159120	0.243637	0.136590
201	0.019865	0.159120	0.149088	0.041990
202	0.019865	0.159120	0.158227	0.051173
203	0.019865	0.159120	0.183187	0.076154
204	0.019865	0.159120	0.264266	0.157319
205	0.019865	0.159120	0.150547	0.043579
206	0.019865	0.159120	0.153881	0.049382
207	0.019865	0.159120	0.161107	0.051777
208	0.019865	0.159120	0.163488	0.056621
209	0.019865	0.159120	0.771480	0.664619
210	0.019865	0.159120	0.149088	0.042249
211	0.019865	0.159120	0.153888	0.047049
212	0.019865	0.159120	0.158688	0.051885
213	0.019865	0.159120	0.167820	0.061046
214	0.019865	0.159120	0.192273	0.085945
215	0.019865	0.159120	0.149088	0.042753
216	0.019865	0.159120	0.153881	0.047575
217	0.019865	0.159120	0.154342	0.048057
218	0.019865	0.159120	0.163488	0.057196
219	0.019865	0.159120	0.216266	0.110025
220	0.019865	0.159120	0.149088	0.042861
221	0.019865	0.159120	0.153888	0.047676
222	0.019865	0.159120	0.155309	0.049125
223	0.019865	0.159120	0.163488	0.057305
224	0.019865	0.159120	0.240265	0.134150
225	0.019865	0.159120	0.146662	0.040521
226	0.019865	0.159120	0.153888	0.047805
227	0.019865	0.159120	0.157222	0.051124
228	0.019865	0.159120	0.138989	0.032949
229	0.019865	0.159120	0.163488	0.057449
230	0.019865	0.159120	0.259927	0.153916
231	0.019865	0.159120	0.145709	0.039723
232	0.019865	0.159120	0.153888	0.047935
233	0.019865	0.159120	0.156269	0.050294
234	0.019865	0.159120	0.162029	0.056076
235	0.019865	0.159120	0.138989	0.033057
236	0.019865	0.159120	0.182645	1.776735
237	0.019865	0.159120	0.145709	0.039831
238	0.019865	0.159120	0.151469	0.045606
239	0.019865	0.159120	0.157229	0.051409
240	0.019865	0.159120	0.138989	0.033104
241	0.019865	0.159120	0.159142	0.053318
242	0.019865	0.159120	0.188894	0.083103
243	0.019865	0.159120	0.146662	0.040892
244	0.019865	0.159120	0.137530	0.031742
245	0.019865	0.159120	0.149549	0.043783
246	0.019865	0.159120	0.155309	0.049554
247	0.019865	0.159120	0.159610	0.053919
248	0.019865	0.159120	0.138989	0.033280
249	0.019865	0.159120	0.211934	0.106261
250	0.019865	0.159120	0.143290	0.037625
251	0.019865	0.159120	0.152429	0.046803
252	0.019865	0.159120	0.134650	0.029035
253	0.019865	0.159120	0.155302	0.049694
254	0.019865	0.159120	0.159602	0.054009
255	0.019865	0.159120	0.134650	0.027955
256	0.019865	0.159120	0.236886	0.141085
257	0.019865	0.159120	0.145202	0.038519
258	0.019865	0.159120	0.134650	0.027959
259	0.019865	0.159120	0.148090	0.041395
260	0.019865	0.159120	0.157222	0.050599
261	0.019865	0.159120	0.134650	0.028020
262	0.019865	0.159120	0.157690	0.051038
263	0.019865	0.159120	0.137530	0.030921
264	0.019865	0.159120	0.256555	0.149961
265	0.019865	0.159120	0.145210	0.038626
266	0.019865	0.159120	0.134650	0.028063
267	0.019865	0.159120	0.148090	0.041525
268	0.019865	0.159120	0.137530	0.031004
269	0.019865	0.159120	0.150962	0.044394
270	0.019865	0.159120	0.159610	0.053081
271	0.019865	0.159120	0.134650	0.028146
272	0.019865	0.159120	0.102437	0.295930
273	0.019865	0.159120	0.133190	0.026701
274	0.019865	0.159120	0.143290	0.036829
275	0.019865	0.159120	0.137530	0.031087
276	0.019865	0.159120	0.146170	0.039748
277	0.019865	0.159120	0.135110	0.028696
278	0.019865	0.159120	0.150970	0.044549
279	0.019865	0.159120	0.159602	0.053192
280	0.019865	0.159120	0.131270	0.024871
281	0.019865	0.159120	0.138395	0.082024
282	0.019865	0.159120	0.131270	0.024918
283	0.019865	0.159120	0.145210	0.038807
284	0.019865	0.159120	0.134650	0.028311
285	0.019865	0.159120	0.146623	0.040296
286	0.019865	0.159120	0.131270	0.024932
287	0.019865	0.159120	0.154810	0.048486
288	0.019865	0.159120	0.131263	0.024983
289	0.019865	0.159120	0.159602	0.053315
290	0.019865	0.159120	0.131263	0.025011
291	0.019865	0.159120	0.135110	0.028826
292	0.019865	0.159120	0.108547	0.102295
293	0.019865	0.159120	0.135110	0.028887
294	0.019865	0.159120	0.138943	0.032727
295	0.019865	0.159120	0.133190	0.026960
296	0.019865	0.159120	0.148090	0.041863
297	0.019865	0.159120	0.133190	0.026974
298	0.019865	0.159120	0.151423	0.045240
299	0.019865	0.159120	0.131270	0.025080
300	0.019865	0.159120	0.135110	0.028941
301	0.019865	0.159120	0.153350	0.047181
302	0.019865	0.159120	0.137522	0.031357
303	0.019865	0.159120	0.230128	0.123976
304	0.019865	0.159120	0.133190	0.027039
305	0.019865	0.159120	0.141830	0.035701
306	0.019865	0.159120	0.131270	0.025148
307	0.019865	0.159120	0.135110	0.029006
308	0.019865	0.159120	0.143750	0.037668
309	0.019865	0.159120	0.133183	0.027126
310	0.019865	0.159120	0.151430	0.045355
311	0.019865	0.159120	0.128851	0.022794
312	0.019865	0.159120	0.133190	0.027126
313	0.019865	0.159120	0.156230	0.050155
314	0.019865	0.159120	0.131270	0.025206
315	0.019865	0.159120	0.135110	0.029067
316	0.019865	0.159120	0.154136	0.148114
317	0.019865	0.159120	0.129811	0.023793
318	0.019865	0.159120	0.135110	0.029089
319	0.019865	0.159120	0.138950	0.032950
320	0.019865	0.159120	0.133190	0.036986
321	0.019865	0.159120	0.131724	0.040634
322	0.019865	0.159120	0.143750	0.022837
323	0.019865	0.159120	0.133190	0.027205
324	0.019865	0.159120	0.151430	0.044333
325	0.019865	0.159120	0.128851	0.021750
326	0.019865	0.159120	0.133190	0.026085
327	0.019865	0.159120	0.156230	0.049140
328	0.019865	0.159120	0.128851	0.021760
329	0.019865	0.159120	0.133190	0.026103
330	0.019865	0.159120	0.131731	0.024640
331	0.019865	0.159120	0.118053	0.410995
332	0.019865	0.159120	0.129804	0.022767
333	0.019865	0.159120	0.135110	0.028088
334	0.019865	0.159120	0.137491	0.030444
335	0.019865	0.159120	0.131270	0.024252
336	0.019865	0.159120	0.130771	0.023727
337	0.019865	0.159120	0.146630	0.039615
338	0.019865	0.159120	0.128851	0.021829
339	0.019865	0.159120	0.133190	0.026186
340	0.019865	0.159120	0.131731	0.024741
341	0.019865	0.159120	0.148550	0.041568
342	0.019865	0.159120	0.129804	0.022818
343	0.019865	0.159120	0.130771	0.023771
344	0.019865	0.159120	0.156230	0.049255
345	0.019865	0.159120	0.128851	0.021904
346	0.019865	0.159120	0.129811	0.022829
347	0.019865	0.159120	0.135103	0.028146
348	0.019865	0.159120	0.180676	0.073726
349	0.019865	0.159120	0.128851	0.021915
350	0.019865	0.159120	0.133190	0.026229
351	0.019865	0.159120	0.131731	0.024799
352	0.019865	0.159120	0.137491	0.030519
353	0.019865	0.159120	0.131270	0.024356
354	0.019865	0.159120	0.130771	0.023835
355	0.019865	0.159120	0.131731	0.024817
356	0.019865	0.159120	0.142291	0.035373
357	0.019865	0.159120	0.128844	0.021951
358	0.019865	0.159120	0.133190	0.026294
359	0.019865	0.159120	0.131724	0.024824
360	0.019865	0.159120	0.147084	0.040199
361	0.019865	0.159120	0.128851	0.021984
362	0.019865	0.159120	0.129804	0.022940
363	0.019865	0.159120	0.130771	0.023886
364	0.019865	0.159120	0.156230	0.049356
365	0.019865	0.159120	0.128844	0.021969
366	0.019865	0.159120	0.129811	0.022976
367	0.019865	0.159120	0.130771	0.023907
368	0.019865	0.159120	0.131731	0.024871
369	0.019865	0.159120	0.204676	0.097841
370	0.019865	0.159120	0.128851	0.022023
371	0.019865	0.159120	0.129811	0.022972
372	0.019865	0.159120	0.130771	0.023968
373	0.019865	0.159120	0.131731	0.024918
374	0.019865	0.159120	0.137491	0.030678
375	0.019865	0.159120	0.128851	0.022038
376	0.019865	0.159120	0.129804	0.022990
377	0.019865	0.159120	0.130764	0.023958
378	0.019865	0.159120	0.131731	0.024946
379	0.019865	0.159120	0.142284	0.035528
380	0.019865	0.159120	0.128851	0.022056
381	0.019865	0.159120	0.129811	0.023012
382	0.019865	0.159120	0.130771	0.023990
383	0.019865	0.159120	0.131724	0.024961
384	0.019865	0.159120	0.147091	0.050084
385	0.019865	0.159120	0.128844	0.022063
386	0.019865	0.159120	0.129811	0.023023
387	0.019865	0.159120	0.130764	0.024022
388	0.019865	0.159120	0.127392	0.020618
389	0.019865	0.159120	0.131731	0.024943
390	0.019865	0.159120	0.151891	0.045139
391	0.019865	0.159120	0.128851	0.022088
392	0.019865	0.159120	0.129811	0.023059
393	0.019865	0.159120	0.130771	0.023990
394	0.019865	0.159120	0.131731	0.024957
395	0.019865	0.159120	0.127392	0.020607
396	0.019865	0.159120	0.228668	0.121887
397	0.019865	0.159120	0.128851	0.022074
398	0.019865	0.159120	0.129811	0.023034
399	0.019865	0.159120	0.130771	0.023994
400	0.019865	0.159120	0.127392	0.020629
401	0.019865	0.159120	0.131731	0.024954
402	0.019865	0.159120	0.137491	0.030732
403	0.019865	0.159120	0.128851	0.022077
404	0.019865	0.159120	0.127385	0.020633
405	0.019865	0.159120	0.129811	0.023052
406	0.019865	0.159120	0.130771	0.023983
407	0.019865	0.159120	0.131731	0.024932
408	0.019865	0.159120	0.127392	0.020611
409	0.019865	0.159120	0.142291	0.035489
410	0.019865	0.159120	0.128851	0.022070
411	0.019865	0.159120	0.129811	0.023023
412	0.019865	0.159120	0.127392	0.020593
413	0.019865	0.159120	0.130764	0.023979
414	0.019865	0.159120	0.131731	0.024961
415	0.019865	0.159120	0.127385	0.020597
416	0.019865	0.159120	0.147091	0.040306
417	0.019865	0.159120	0.128851	0.022052
418	0.019865	0.159120	0.127392	0.020600
419	0.019865	0.159120	0.129811	0.023012
420	0.019865	0.159120	0.127385	0.023968
421	0.019865	0.159120	0.130764	0.020596
422	0.019865	0.159120	0.131731	0.024950
423	0.019865	0.159120	0.127392	0.020586
424	0.019865	0.159120	0.151891	0.045085
425	0.019865	0.159120	0.128851	0.022034
426	0.019865	0.159120	0.127385	0.020553
427	0.019865	0.159120	0.129811	0.023001
428	0.019865	0.159120	0.127392	0.020539
429	0.019865	0.159120	0.130771	0.023933
430	0.019865	0.159120	0.131731	0.024882
431	0.019865	0.159120	0.127392	0.020539
432	0.019865	0.159120	0.152677	0.145831
433	0.019865	0.159120	0.127392	0.020539
434	0.019865	0.159120	0.128851	0.022005
435	0.019865	0.159120	0.127392	0.020539
436	0.019865	0.159120	0.129811	0.022958
437	0.019865	0.159120	0.127392	0.020539
438	0.019865	0.159120	0.130771	0.023889
439	0.019865	0.159120	0.127392	0.024838
440	0.019865	0.159120	0.131731	0.020507
441	0.019865	0.159120	0.137491	0.030602
442	0.019865	0.159120	0.127392	0.020496
443	0.019865	0.159120	0.128851	0.021940
444	0.019865	0.159120	0.127385	0.020460
445	0.019865	0.159120	0.129811	0.022879
446	0.019865	0.159120	0.127392	0.020427
447	0.019865	0.159120	0.130771	0.023803
448	0.019865	0.159120	0.127392	0.030212
449	0.019865	0.159120	0.127385	0.024759
450	0.019865	0.159120	0.131731	0.020435
451	0.019865	0.159120	0.127392	0.020406
452	0.019865	0.159120	0.142284	0.035305
453	0.019865	0.159120	0.127392	0.020409
454	0.019865	0.159120	0.128851	0.021851
455	0.019865	0.159120	0.127392	0.020370
456	0.019865	0.159120	0.129811	0.022767
457	0.019865	0.159120	0.127392	0.020355
458	0.019865	0.159120	0.127392	0.020348
459	0.019865	0.159120	0.130764	0.023691
460	0.019865	0.159120	0.127392	0.020294
461	0.019865	0.159120	0.131731	0.024641
462	0.019865	0.159120	0.127392	0.020308
463	0.019865	0.159120	0.147084	0.040015
464	0.019865	0.159120	0.127385	0.020283
465	0.019865	0.159120	0.127385	0.020247
466	0.019865	0.159120	0.128844	0.021703
467	0.019865	0.159120	0.127392	0.020204
468	0.019865	0.159120	0.129811	0.022638
469	0.019865	0.159120	0.127392	0.020218
470	0.019865	0.159120	0.127392	0.020215
471	0.019865	0.159120	0.130771	0.023580
472	0.019865	0.159120	0.127392	0.020161
473	0.019865	0.159120	0.131731	0.024475
474	0.019865	0.159120	0.127385	0.020132
475	0.019865	0.159120	0.127392	0.020125
476	0.019865	0.159120	0.151891	0.044606
477	0.019865	0.159120	0.127392	0.020085
478	0.019865	0.159120	0.127392	0.020064
479	0.019865	0.159120	0.128851	0.021512
480	0.019865	0.159120	0.127392	0.020013
481	0.019865	0.159120	0.127392	0.020067
482	0.019865	0.159120	0.129811	0.022573
483	0.019865	0.159120	0.127392	0.020128
484	0.019865	0.159120	0.127385	0.020057
485	0.019865	0.159120	0.130764	0.023367
486	0.019865	0.159120	0.127392	0.019977
487	0.019865	0.159120	0.127392	0.019898
488	0.019865	0.159120	0.131731	0.024230
489	0.019865	0.159120	0.127392	0.019898
490	0.019865	0.159120	0.127392	0.019898
491	0.019865	0.159120	0.136542	0.529055
492	0.019865	0.159120	0.127392	0.019891
493	0.019865	0.159120	0.127385	0.019891
494	0.019865	0.159120	0.128844	0.021357
495	0.019865	0.159120	0.127392	0.019898
496	0.019865	0.159120	0.127392	0.019898
497	0.019865	0.159120	0.129811	0.022310
498	0.019865	0.159120	0.127392	0.019898
499	0.019865	0.159120	0.127392	0.019891
500	0.019865	0.159120	0.127392	0.019891
501	0.019865	0.159120	0.130771	0.023277
502	0.019865	0.159120	0.127392	0.019891
503	0.019865	0.159120	0.127392	0.019898
504	0.019865	0.159120	0.131731	0.024237
505	0.019865	0.159120	0.127385	0.019891
506	0.019865	0.159120	0.127392	0.019898
507	0.019865	0.159120	0.127385	0.019898
508	0.019865	0.159120	0.137491	0.029997
509	0.019865	0.159120	0.127392	0.019898
510	0.019865	0.159120	0.127392	0.019898
511	0.019865	0.159120	0.127392	0.019898
512	0.019865	0.159120	0.128844	0.031149
513	0.019865	0.159120	0.127392	0.019898
514	0.019865	0.159120	0.127385	0.019898
515	0.019865	0.159120	0.127392	0.019891
516	0.019865	0.159120	0.129811	0.022310
517	0.019865	0.159120	0.127392	0.019891
518	0.019865	0.159120	0.127392	0.019898
519	0.019865	0.159120	0.127392	0.019898
520	0.019865	0.159120	0.127392	0.019898
521	0.019865	0.159120	0.130764	0.023270
522	0.019865	0.159120	0.127392	0.019898
523	0.019865	0.159120	0.127392	0.019891
524	0.019865	0.159120	0.127392	0.019891
525	0.019865	0.159120	0.131724	0.024230
526	0.019865	0.159120	0.127392	0.019898
527	0.019865	0.159120	0.127392	0.019898
528	0.019865	0.159120	0.127392	0.019898
529	0.019865	0.159120	0.127392	0.019898
530	0.019865	0.159120	0.142291	0.034790
531	0.019865	0.159120	0.127392	0.019898
532	0.019865	0.159120	0.127392	0.019898
533	0.019865	0.159120	0.127385	0.019898
534	0.019865	0.159120	0.127392	0.019898
535	0.019865	0.159120	0.128851	0.021357
536	0.019865	0.159120	0.127385	0.019898
537	0.019865	0.159120	0.127392	0.019891
538	0.019865	0.159120	0.127392	0.019891
539	0.019865	0.159120	0.127385	0.019898
540	0.019865	0.159120	0.129811	0.022317
541	0.019865	0.159120	0.127392	0.019898
542	0.019865	0.159120	0.127392	0.019898
543	0.019865	0.159120	0.127385	0.019898
544	0.019865	0.159120	0.127392	0.019898
545	0.019865	0.159120	0.130764	0.023277
546	0.019865	0.159120	0.127392	0.019898
547	0.019865	0.159120	0.127392	0.019898
548	0.019865	0.159120	0.127392	0.019898
549	0.019865	0.159120	0.127392	0.019898
550	0.019865	0.159120	0.127392	0.019898
551	0.019865	0.159120	0.131731	0.024237
552	0.019865	0.159120	0.127385	0.019898
553	0.019865	0.159120	0.127392	0.019898
554	0.019865	0.159120	0.127385	0.019898
555	0.019865	0.159120	0.127392	0.019898
556	0.019865	0.159120	0.127392	0.019898
557	0.019865	0.159120	0.147084	0.039597
558	0.019865	0.159120	0.127392	0.019891
559	0.019865	0.159120	0.127392	0.019898
560	0.019865	0.159120	0.127392	0.019898
561	0.019865	0.159120	0.127385	0.019898
562	0.019865	0.159120	0.127392	0.019898
563	0.019865	0.159120	0.128844	0.021357
564	0.019865	0.159120	0.127392	0.019891
565	0.019865	0.159120	0.127392	0.019898
566	0.019865	0.159120	0.127392	0.019898
567	0.019865	0.159120	0.127392	0.019891
568	0.019865	0.159120	0.127392	0.019898
569	0.019865	0.159120	0.127385	0.019898
570	0.019865	0.159120	0.129804	0.022310
571	0.019865	0.159120	0.127385	0.019898
572	0.019865	0.159120	0.127392	0.019898
573	0.019865	0.159120	0.127392	0.019898
574	0.019865	0.159120	0.127392	0.019898
575	0.019865	0.159120	0.127392	0.019898
576	0.019865	0.159120	0.127392	0.029683
577	0.019865	0.159120	0.127392	0.019891
578	0.019865	0.159120	0.130764	0.023270
579	0.019865	0.159120	0.127392	0.019891
580	0.019865	0.159120	0.127392	0.019891
581	0.019865	0.159120	0.127385	0.019898
582	0.019865	0.159120	0.127392	0.019891
583	0.019865	0.159120	0.127385	0.019891
584	0.019865	0.159120	0.127392	0.019891
585	0.019865	0.159120	0.131724	0.024237
586	0.019865	0.159120	0.127385	0.019898
587	0.019865	0.159120	0.127392	0.019898
588	0.019865	0.159120	0.127392	0.019891
589	0.019865	0.159120	0.127392	0.019898
590	0.019865	0.159120	0.127385	0.019898
591	0.019865	0.159120	0.127392	0.019898
592	0.019865	0.159120	0.127392	0.019898
593	0.019865	0.159120	0.127385	0.019898
594	0.019865	0.159120	0.151884	0.044390
595	0.019865	0.159120	0.127392	0.019898
596	0.019865	0.159120	0.127385	0.019898
597	0.019865	0.159120	0.127385	0.019891
598	0.019865	0.159120	0.127392	0.019898
599	0.019865	0.159120	0.127392	0.019891
600	0.019865	0.159120	0.127392	0.019898
601	0.019865	0.159120	0.127392	0.019898
602	0.019865	0.159120	0.127392	0.019898
603	0.019865	0.159120	0.128851	0.021357
604	0.019865	0.159120	0.127392	0.019898
605	0.019865	0.159120	0.127392	0.019898
606	0.019865	0.159120	0.127392	0.019898
607	0.019865	0.159120	0.127392	0.019898
608	0.019865	0.159120	0.127392	0.019898
609	0.019865	0.159120	0.127392	0.019898
610	0.019865	0.159120	0.127385	0.019898
611	0.019865	0.159120	0.127392	0.019891
612	0.019865	0.159120	0.127392	0.019898
613	0.019865	0.159120	0.129811	0.022317
614	0.019865	0.159120	0.127392	0.019898
615	0.019865	0.159120	0.127392	0.019891
616	0.019865	0.159120	0.127385	0.019891
617	0.019865	0.159120	0.127392	0.019898
618	0.019865	0.159120	0.127392	0.019898
619	0.019865	0.159120	0.127392	0.019891
620	0.019865	0.159120	0.127392	0.019898
621	0.019865	0.159120	0.127385	0.019898
622	0.019865	0.159120	0.127392	0.019898
623	0.019865	0.159120	0.127392	0.019898
624	0.019865	0.159120	0.127392	0.019898
625	0.019865	0.159120	0.130771	0.023277
626	0.019865	0.159120	0.127392	0.019898
627	0.019865	0.159120	0.127392	0.019898
628	0.019865	0.159120	0.127392	0.019898
629	0.019865	0.159120	0.127392	0.019898
630	0.019865	0.159120	0.127392	0.019898
631	0.019865	0.159120	0.127392	0.019898
632	0.019865	0.159120	0.127392	0.019891
633	0.019865	0.159120	0.127392	0.019898
634	0.019865	0.159120	0.127392	0.019898
635	0.019865	0.159120	0.127392	0.019898
636	0.019865	0.159120	0.127392	0.019898
637	0.019865	0.159120	0.127392	0.019898
638	0.019865	0.159120	0.131731	0.024237
639	0.019865	0.159120	0.127392	0.019898
640	0.019865	0.159120	0.127385	0.029690
641	0.019865	0.159120	0.127392	0.019898
642	0.019865	0.159120	0.127392	0.019898
643	0.019865	0.159120	0.127385	0.019898
644	0.019865	0.159120	0.127392	0.019891
645	0.019865	0.159120	0.127392	0.019898
646	0.019865	0.159120	0.127392	0.019898
647	0.019865	0.159120	0.127392	0.019898
648	0.019865	0.159120	0.127392	0.019898
649	0.019865	0.159120	0.127392	0.019898
650	0.019865	0.159120	0.127392	0.019898
651	0.019865	0.159120	0.127392	0.019891
652	0.019865	0.159120	0.180676	0.073189
653	0.019865	0.159120	0.127392	0.019898
654	0.019865	0.159120	0.127392	0.019898
655	0.019865	0.159120	0.127392	0.019898
656	0.019865	0.159120	0.127392	0.019891
657	0.019865	0.159120	0.127392	0.019898
658	0.019865	0.159120	0.127392	0.019898
659	0.019865	0.159120	0.127392	0.019898
660	0.019865	0.159120	0.127396	0.019898
661	0.019865	0.159120	0.127392	0.019898
662	0.019865	0.159120	0.127392	0.019898
663	0.019865	0.159120	0.127392	0.019898
664	0.019865	0.159120	0.127392	0.019891
665	0.019865	0.159120	0.127385	0.019898
666	0.019865	0.159120	0.127396	0.019898
667	0.019865	0.159120	0.127392	0.019898
668	0.019865	0.159120	0.127396	0.019898
669	0.019865	0.159120	0.127392	0.019891
670	0.019865	0.159120	0.128851	0.021357
671	0.019865	0.159120	0.127392	0.019898
672	0.019865	0.159120	0.127392	0.019898
673	0.019865	0.159120	0.127396	0.019902
674	0.019865	0.159120	0.127392	0.019898
675	0.019865	0.159120	0.127392	0.019898
676	0.019865	0.159120	0.127396	0.019902
677	0.019865	0.159120	0.127396	0.019898
678	0.019865	0.159120	0.127392	0.019909
679	0.019865	0.159120	0.127392	0.019898
680	0.019865	0.159120	0.127392	0.019898
681	0.019865	0.159120	0.127392	0.019898
682	0.019865	0.159120	0.127392	0.019898
683	0.019865	0.159120	0.127392	0.019898
684	0.019865	0.159120	0.127392	0.019909
685	0.019865	0.159120	0.127403	0.019909
686	0.019865	0.159120	0.127403	0.019909
687	0.019865	0.159120	0.127403	0.019909
688	0.019865	0.159120	0.127403	0.019909
689	0.019865	0.159120	0.127403	0.019902
690	0.019865	0.159120	0.127396	0.019909
691	0.019865	0.159120	0.129822	0.022328
692	0.019865	0.159120	0.127403	0.019909
693	0.019865	0.159120	0.127403	0.019909
694	0.019865	0.159120	0.127403	0.019909
695	0.019865	0.159120	0.127392	0.019898
696	0.019865	0.159120	0.127403	0.019909
697	0.019865	0.159120	0.127403	0.019909
698	0.019865	0.159120	0.127396	0.019909
699	0.019865	0.159120	0.127403	0.019909
700	0.019865	0.159120	0.127403	0.019902
701	0.019865	0.159120	0.127396	0.019909
702	0.019865	0.159120	0.127403	0.019909
703	0.019865	0.159120	0.127403	0.019909
704	0.019865	0.159120	0.127403	0.029701
705	0.019865	0.159120	0.127403	0.019909
706	0.019865	0.159120	0.127392	0.019909
707	0.019865	0.159120	0.127403	0.019909
708	0.019865	0.159120	0.127403	0.019909
709	0.019865	0.159120	0.127403	0.019909
710	0.019865	0.159120	0.127403	0.019905
711	0.019865	0.159120	0.127399	0.019898
712	0.019865	0.159120	0.127403	0.019909
713	0.019865	0.159120	0.127403	0.019909
714	0.019865	0.159120	0.127403	0.019909
715	0.019865	0.159120	0.127403	0.019905
716	0.019865	0.159120	0.127399	0.019905
717	0.019865	0.159120	0.127392	0.019898
718	0.019865	0.159120	0.130771	0.023288
719	0.019865	0.159120	0.127392	0.019898
720	0.019865	0.159120	0.127403	0.019909
721	0.019865	0.159120	0.127392	0.019898
722	0.019865	0.159120	0.127403	0.019909
723	0.019865	0.159120	0.127403	0.019898
724	0.019865	0.159120	0.127403	0.019905
725	0.019865	0.159120	0.127399	0.019905
726	0.019865	0.159120	0.127392	0.019898
727	0.019865	0.159120	0.127399	0.019905
728	0.019865	0.159120	0.127399	0.019905
729	0.019865	0.159120	0.127403	0.019898
730	0.019865	0.159120	0.127399	0.019909
731	0.019865	0.159120	0.127392	0.019905
732	0.019865	0.159120	0.127399	0.019905
733	0.019865	0.159120	0.127399	0.019898
734	0.019865	0.159120	0.127392	0.019898
735	0.019865	0.159120	0.127399	0.019898
736	0.019865	0.159120	0.127399	0.019905
737	0.019865	0.159120	0.127399	0.019905
738	0.019865	0.159120	0.127399	0.019905
739	0.019865	0.159120	0.127399	0.019905
740	0.019865	0.159120	0.127399	0.019905
741	0.019865	0.159120	0.127399	0.019905
742	0.019865	0.159120	0.127399	0.019909
743	0.019865	0.159120	0.127403	0.019905
744	0.019865	0.159120	0.127399	0.019905
745	0.019865	0.159120	0.127399	0.019905
746	0.019865	0.159120	0.127399	0.019905
747	0.019865	0.159120	0.127399	0.019905
748	0.019865	0.159120	0.127399	0.019905
749	0.019865	0.159120	0.127399	0.019905
750	0.019865	0.159120	0.127399	0.019905
751	0.019865	0.159120	0.127399	0.019905
752	0.019865	0.159120	0.127399	0.019905
753	0.019865	0.159120	0.127399	0.019905
754	0.019865	0.159120	0.127399	0.019905
755	0.019865	0.159120	0.127399	0.019905
756	0.019865	0.159120	0.131738	0.024244
757	0.019865	0.159120	0.127399	0.019905
758	0.019865	0.159120	0.127399	0.019905
759	0.019865	0.159120	0.127399	0.019905
760	0.019865	0.159120	0.127399	0.019905
761	0.019865	0.159120	0.127399	0.019905
762	0.019865	0.159120	0.127399	0.019905
763	0.019865	0.159120	0.127399	0.019905
764	0.019865	0.159120	0.127399	0.019905
765	0.019865	0.159120	0.127399	0.019905
766	0.019865	0.159120	0.127399	0.019894
767	0.019865	0.159120	0.127388	0.019905
768	0.019865	0.159120	0.127399	0.029697
769	0.019865	0.159120	0.127399	0.019905
770	0.019865	0.159120	0.127399	0.019894
771	0.019865	0.159120	0.127399	0.019905
772	0.019865	0.159120	0.127399	0.019905
773	0.019865	0.159120	0.127399	0.019905
774	0.019865	0.159120	0.127388	0.019905
775	0.019865	0.159120	0.127399	0.019905
776	0.019865	0.159120	0.127388	0.019894
777	0.019865	0.159120	0.127399	0.019905
778	0.019865	0.159120	0.127399	0.019905
779	0.019865	0.159120	0.127399	0.019905
780	0.019865	0.159120	0.127399	0.019905
781	0.019865	0.159120	0.127388	0.019894
782	0.019865	0.159120	0.127399	0.019905
783	0.019865	0.159120	0.127399	0.019905
784	0.019865	0.159120	0.127388	0.019895
785	0.019865	0.159120	0.127388	0.019902
786	0.019865	0.159120	0.127396	0.019905
787	0.019865	0.159120	0.127388	0.019905
788	0.019865	0.159120	0.127399	0.019905
789	0.019865	0.159120	0.127399	0.019894
790	0.019865	0.159120	0.127399	0.019895
791	0.019865	0.159120	0.127388	0.019894
792	0.019865	0.159120	0.127399	0.019905
793	0.019865	0.159120	0.127399	0.019905
794	0.019865	0.159120	0.127399	0.019894
795	0.019865	0.159120	0.127388	0.019895
796	0.019865	0.159120	0.127388	0.019905
797	0.019865	0.159120	0.127388	0.019894
798	0.019865	0.159120	0.127399	0.019895
799	0.019865	0.159120	0.127388	0.019894
800	0.019865	0.159120	0.127388	0.019894
801	0.019865	0.159120	0.127396	0.019902
802	0.019865	0.159120	0.127388	0.019905
803	0.019865	0.159120	0.127388	0.019895
804	0.019865	0.159120	0.127388	0.019895
805	0.019865	0.159120	0.127388	0.019894
806	0.019865	0.159120	0.127388	0.019902
807	0.019865	0.159120	0.127388	0.019894
808	0.019865	0.159120	0.127396	0.019902
809	0.019865	0.159120	0.127396	0.019894
810	0.019865	0.159120	0.127388	0.019895
811	0.019865	0.159120	0.127388	0.019894
812	0.019865	0.159120	0.127396	0.019902
813	0.019865	0.159120	0.127388	0.019895
814	0.019865	0.159120	0.127396	0.019902
815	0.019865	0.159120	0.127396	0.019902
816	0.019865	0.159120	0.127396	0.019895
817	0.019865	0.159120	0.127388	0.019902
818	0.019865	0.159120	0.137495	0.019902
819	0.019865	0.159120	0.127396	0.029994
820	0.019865	0.159120	0.127388	0.019902
821	0.019865	0.159120	0.127396	0.019894
822	0.019865	0.159120	0.127388	0.019905
823	0.019865	0.159120	0.127399	0.019902
824	0.019865	0.159120	0.127396	0.019902
825	0.019865	0.159120	0.127396	0.019902
826	0.019865	0.159120	0.127396	0.019902
827	0.019865	0.159120	0.127388	0.019902
828	0.019865	0.159120	0.127396	0.019902
829	0.019865	0.159120	0.127396	0.019894
830	0.019865	0.159120	0.127388	0.019902
831	0.019865	0.159120	0.127396	0.019902
832	0.019865	0.159120	0.127396	0.029694
833	0.019865	0.159120	0.127396	0.019902
834	0.019865	0.159120	0.127396	0.019902
835	0.019865	0.159120	0.127396	0.019902
836	0.019865	0.159120	0.127396	0.019902
837	0.019865	0.159120	0.127396	0.019902
838	0.019865	0.159120	0.127388	0.019902
839	0.019865	0.159120	0.127396	0.019902
840	0.019865	0.159120	0.127396	0.019902
841	0.019865	0.159120	0.127396	0.019902
842	0.019865	0.159120	0.127396	0.019902
843	0.019865	0.159120	0.127396	0.019902
844	0.019865	0.159120	0.127396	0.019894
845	0.019865	0.159120	0.127388	0.019902
846	0.019865	0.159120	0.127396	0.019902
847	0.019865	0.159120	0.127396	0.019902
848	0.019865	0.159120	0.127396	0.019902
849	0.019865	0.159120	0.127396	0.019902
850	0.019865	0.159120	0.127396	0.019902
851	0.019865	0.159120	0.127396	0.019902
852	0.019865	0.159120	0.127396	0.019902
853	0.019865	0.159120	0.127396	0.019902
854	0.019865	0.159120	0.127396	0.019902
855	0.019865	0.159120	0.127396	0.019902
856	0.019865	0.159120	0.127396	0.019894
857	0.019865	0.159120	0.127396	0.019902
858	0.019865	0.159120	0.127396	0.019902
859	0.019865	0.159120	0.127396	0.019902
860	0.019865	0.159120	0.127396	0.019902
861	0.019865	0.159120	0.127396	0.019902
862	0.019865	0.159120	0.127396	0.019902
863	0.019865	0.159120	0.127396	0.019902
864	0.019865	0.159120	0.127396	0.019902
865	0.019865	0.159120	0.127396	0.019902
866	0.019865	0.159120	0.127396	0.019902
867	0.019865	0.159120	0.127396	0.019902
868	0.019865	0.159120	0.127396	0.019902
869	0.019865	0.159120	0.127396	0.019902
870	0.019865	0.159120	0.127396	0.019902
871	0.019865	0.159120	0.127396	0.019902
872	0.019865	0.159120	0.127396	0.019902
873	0.019865	0.159120	0.127396	0.019902
874	0.019865	0.159120	0.127396	0.019902
875	0.019865	0.159120	0.127396	0.019902
876	0.019865	0.159120	0.127396	0.019902
877	0.019865	0.159120	0.127396	0.019902
878	0.019865	0.159120	0.127396	0.019902
879	0.019865	0.159120	0.127396	0.019902
880	0.019865	0.159120	0.127396	0.019902
881	0.019865	0.159120	0.127396	0.019902
882	0.019865	0.159120	0.127396	0.019902
883	0.019865	0.159120	0.127396	0.019902
884	0.019865	0.159120	0.127396	0.019902
885	0.019865	0.159120	0.127396	0.019902
886	0.019865	0.159120	0.127396	0.019902
887	0.019865	0.159120	0.127396	0.019902
888	0.019865	0.159120	0.127396	0.019902
889	0.019865	0.159120	0.127396	0.019902
890	0.019865	0.159120	0.127396	0.019902
891	0.019865	0.159120	0.127396	0.019902
892	0.019865	0.159120	0.127396	0.019902
893	0.019865	0.159120	0.127396	0.019902
894	0.019865	0.159120	0.127396	0.019902
895	0.019865	0.159120	0.127396	0.019902
896	0.019865	0.159120	0.127396	0.029694
897	0.019865	0.159120	0.127396	0.019902
898	0.019865	0.159120	0.127396	0.019902
899	0.019865	0.159120	0.127396	0.019902
900	0.019865	0.159120	0.127396	0.019902
901	0.019865	0.159120	0.127396	0.019902
902	0.019865	0.159120	0.127396	0.019902
903	0.019865	0.159120	0.127396	0.019902
904	0.019865	0.159120	0.127396	0.019902
905	0.019865	0.159120	0.127396	0.019902
906	0.019865	0.159120	0.127396	0.019902
907	0.019865	0.159120	0.127396	0.019902
908	0.019865	0.159120	0.127396	0.019902
909	0.019865	0.159120	0.127396	0.019902
910	0.019865	0.159120	0.127396	0.019902
911	0.019865	0.159120	0.127396	0.019902
912	0.019865	0.159120	0.127396	0.019902
913	0.019865	0.159120	0.127396	0.019902
914	0.019865	0.159120	0.127396	0.019902
915	0.019865	0.159120	0.127396	0.019902
916	0.019865	0.159120	0.127396	0.019902
917	0.019865	0.159120	0.127396	0.019902
918	0.019865	0.159120	0.127396	0.019902
919	0.019865	0.159120	0.127396	0.019902
920	0.019865	0.159120	0.127396	0.019902
921	0.019865	0.159120	0.127396	0.019902
922	0.019865	0.159120	0.127396	0.019902
923	0.019865	0.159120	0.127396	0.019902
924	0.019865	0.159120	0.128855	0.021361
