Query	FD-Tree	Skan	Adaptive Merging	Lazy Adaptive Merging
1	0.124985	0.194659	3.136853	2.385744
2	0.124985	0.194659	3.108417	3.359007
3	0.124985	0.194659	3.386247	3.637672
4	0.124985	0.194659	3.577430	2.825691
5	0.124985	0.194659	3.144171	3.393270
6	0.124985	0.194659	3.509149	3.759948
7	0.124985	0.194659	3.785154	3.036774
8	0.124985	0.194659	2.462442	3.706672
9	0.124985	0.194659	3.523462	2.776143
10	0.124985	0.194659	3.993877	3.244028
11	0.124985	0.194659	2.648117	3.899103
12	0.124985	0.194659	3.724466	2.972284
13	0.124985	0.194659	2.526173	2.774834
14	0.124985	0.194659	3.338466	2.696353
15	0.124985	0.194659	3.780147	3.138869
16	0.124985	0.194659	2.669035	2.028599
17	0.124985	0.194659	3.044602	2.400134
18	0.124985	0.194659	3.667378	3.024610
19	0.124985	0.194659	3.147392	3.505459
20	0.124985	0.194659	3.443505	2.805801
21	0.124985	0.194659	2.124127	3.500179
22	0.124985	0.194659	2.869445	2.206353
23	0.124985	0.194659	3.369568	2.727001
24	0.124985	0.194659	2.577207	3.935482
25	0.124985	0.194659	3.170163	2.529281
26	0.124985	0.194659	2.944431	2.299524
27	0.124985	0.194659	2.218072	2.570621
28	0.124985	0.194659	3.053055	2.413205
29	0.124985	0.194659	2.929455	2.288549
30	0.124985	0.194659	2.693708	2.051575
31	0.124985	0.194659	2.612432	2.075247
32	0.124985	0.194659	3.058906	2.522556
33	0.124985	0.194659	3.210106	3.674606
34	0.124985	0.194659	2.509747	1.989987
35	0.124985	0.194659	3.085127	2.536442
36	0.124985	0.194659	2.799035	2.266062
37	0.124985	0.194659	3.366572	3.829588
38	0.124985	0.194659	2.562258	2.026110
39	0.124985	0.194659	3.258344	2.721587
40	0.124985	0.194659	3.663918	3.130914
41	0.124985	0.194659	2.752824	2.217765
42	0.124985	0.194659	2.658818	2.128993
43	0.124985	0.194659	2.817022	2.278781
44	0.124985	0.194659	2.318110	1.782170
45	0.124985	0.194659	2.523606	1.989986
46	0.124985	0.194659	3.088435	2.552742
47	0.124985	0.194659	2.806429	2.273619
48	0.124985	0.194659	2.291122	1.752226
49	0.124985	0.194659	2.798902	2.262329
50	0.124985	0.194659	2.667084	2.131343
51	0.124985	0.194659	3.329660	2.794779
52	0.124985	0.194659	2.557801	2.023762
53	0.124985	0.194659	2.426468	1.893307
54	0.124985	0.194659	2.576194	2.145033
55	0.124985	0.194659	3.916153	3.488768
56	0.124985	0.194659	2.166501	1.718837
57	0.124985	0.194659	2.271331	1.863877
58	0.124985	0.194659	2.431804	2.004645
59	0.124985	0.194659	3.351523	3.925238
60	0.124985	0.194659	2.331599	1.906154
61	0.124985	0.194659	2.231447	1.798569
62	0.124985	0.194659	2.372259	1.946132
63	0.124985	0.194659	3.882659	3.454002
64	0.124985	0.194659	2.021944	1.604807
65	0.124985	0.194659	2.539324	2.112384
66	0.124985	0.194659	2.260489	1.831041
67	0.124985	0.194659	2.394903	2.972174
68	0.124985	0.194659	1.903944	1.478682
69	0.124985	0.194659	2.051945	1.622647
70	0.124985	0.194659	2.117573	1.688276
71	0.124985	0.194659	2.324022	1.892109
72	0.124985	0.194659	2.931937	2.511104
73	0.124985	0.194659	1.853002	1.423848
74	0.124985	0.194659	1.971756	1.545893
75	0.124985	0.194659	2.192151	1.766248
76	0.124985	0.194659	2.191138	1.761202
77	0.124985	0.194659	3.495184	3.066103
78	0.124985	0.194659	1.819309	1.387698
79	0.124985	0.194659	1.932319	1.505050
80	0.124985	0.194659	2.051594	1.625774
81	0.124985	0.194659	2.157445	1.729436
82	0.124985	0.194659	3.954962	3.529351
83	0.124985	0.194659	1.668473	1.348675
84	0.124985	0.194659	1.782020	1.459811
85	0.124985	0.194659	1.916127	1.597207
86	0.124985	0.194659	1.924759	1.600980
87	0.124985	0.194659	3.525226	3.201351
88	0.124985	0.194659	1.592155	1.275038
89	0.124985	0.194659	1.740164	1.420517
90	0.124985	0.194659	1.829740	1.510993
91	0.124985	0.194659	1.988293	1.670417
92	0.124985	0.194659	1.352959	1.035055
93	0.124985	0.194659	1.971886	1.653960
94	0.124985	0.194659	1.598701	1.276703
95	0.124985	0.194659	1.621649	1.300523
96	0.124985	0.194659	1.770172	1.445642
97	0.124985	0.194659	1.915315	1.596009
98	0.124985	0.194659	1.320220	1.002344
99	0.124985	0.194659	2.558682	2.239237
100	0.124985	0.194659	1.481645	1.161670
101	0.124985	0.194659	1.622457	1.280881
102	0.124985	0.194659	1.738846	1.444730
103	0.124985	0.194659	1.306703	0.989032
104	0.124985	0.194659	1.790089	1.472350
105	0.124985	0.194659	3.130555	2.808748
106	0.124985	0.194659	1.482460	1.161532
107	0.124985	0.194659	1.241897	0.923381
108	0.124985	0.194659	1.518812	1.196322
109	0.124985	0.194659	1.683125	1.363046
110	0.124985	0.194659	1.779398	1.457786
111	0.124985	0.194659	1.242758	0.925955
112	0.124985	0.194659	3.682313	3.363998
113	0.124985	0.194659	1.335698	1.013004
114	0.124985	0.194659	1.589564	1.269990
115	0.124985	0.194659	1.110918	0.790812
116	0.124985	0.194659	1.582813	1.264609
117	0.124985	0.194659	1.793609	1.476375
118	0.124985	0.194659	1.118091	0.789671
119	0.124985	0.194659	3.271443	3.952190
120	0.124985	0.194659	1.352788	1.031509
121	0.124985	0.194659	1.091150	0.772230
122	0.124985	0.194659	1.319460	1.108024
123	0.124985	0.194659	1.060733	0.849297
124	0.124985	0.194659	1.468429	1.257915
125	0.124985	0.194659	1.543627	1.333066
126	0.124985	0.194659	1.030473	0.819887
127	0.124985	0.194659	1.584806	1.370084
128	0.124985	0.194659	1.217781	1.011388
129	0.124985	0.194659	0.952817	0.738962
130	0.124985	0.194659	1.271836	1.059441
131	0.124985	0.194659	1.016963	0.804002
132	0.124985	0.194659	1.356173	1.142311
133	0.124985	0.194659	1.557837	1.348254
134	0.124985	0.194659	0.847812	0.732554
135	0.124985	0.194659	2.282708	1.970964
136	0.124985	0.194659	0.916751	0.704639
137	0.124985	0.194659	1.137131	0.923531
138	0.124985	0.194659	0.983763	0.772507
139	0.124985	0.194659	1.145717	0.934455
140	0.124985	0.194659	0.963142	0.756197
141	0.124985	0.194659	1.326313	1.113121
142	0.124985	0.194659	0.918111	0.699715
143	0.124985	0.194659	1.410069	1.200398
144	0.124985	0.194659	2.844988	2.630474
145	0.124985	0.194659	0.802576	0.586533
146	0.124985	0.194659	1.144130	0.933945
147	0.124985	0.194659	0.798244	0.582671
148	0.124985	0.194659	1.262446	1.050705
149	0.124985	0.194659	0.796785	0.579696
150	0.124985	0.194659	1.377889	1.164609
151	0.124985	0.194659	0.771303	0.560934
152	0.124985	0.194659	0.887744	0.675877
153	0.124985	0.194659	1.375923	1.164041
154	0.124985	0.194659	0.860871	0.653337
155	0.124985	0.194659	3.255396	3.042527
156	0.124985	0.194659	0.913052	0.703994
157	0.124985	0.194659	0.945647	0.732207
158	0.124985	0.194659	0.818660	0.610081
159	0.124985	0.194659	1.145390	0.933813
160	0.124985	0.194659	0.835850	0.623026
161	0.124985	0.194659	1.249336	1.035057
162	0.124985	0.194659	0.736190	0.535314
163	0.124985	0.194659	0.839176	0.613362
164	0.124985	0.194659	1.302960	1.086162
165	0.124985	0.194659	0.776389	0.562988
166	0.124985	0.194659	3.870401	3.656986
167	0.124985	0.194659	0.724593	0.536579
168	0.124985	0.194659	0.844874	0.609382
169	0.124985	0.194659	0.916240	0.703717
170	0.124985	0.194659	0.772510	0.559988
171	0.124985	0.194659	1.107873	0.895314
172	0.124985	0.194659	0.700139	0.487021
173	0.124985	0.194659	0.810275	0.601093
174	0.124985	0.194659	1.134655	0.921560
175	0.124985	0.194659	0.762365	0.551682
176	0.124985	0.194659	1.326748	1.112599
177	0.124985	0.194659	0.702905	0.499865
178	0.124985	0.194659	0.688088	0.468782
179	0.124985	0.194659	1.419822	1.204848
180	0.124985	0.194659	0.688981	0.478353
181	0.124985	0.194659	0.793939	0.578968
182	0.124985	0.194659	0.891166	0.675238
183	0.124985	0.194659	0.657368	0.441444
184	0.124985	0.194659	0.763226	0.566406
185	0.124985	0.194659	1.001809	0.768058
186	0.124985	0.194659	0.645824	0.532858
187	0.124985	0.194659	0.774224	0.461425
188	0.124985	0.194659	1.103827	0.887294
189	0.124985	0.194659	0.642445	0.529461
190	0.124985	0.194659	0.772758	0.458991
191	0.124985	0.194659	1.217811	1.007049
192	0.124985	0.194659	0.639565	0.434659
193	0.124985	0.194659	0.644102	0.538435
194	0.124985	0.194659	1.838533	1.732306
195	0.124985	0.194659	0.492200	0.387385
196	0.124985	0.194659	0.658933	0.557588
197	0.124985	0.194659	0.686713	0.599159
198	0.124985	0.194659	0.558766	0.437665
199	0.124985	0.194659	0.514696	0.412733
200	0.124985	0.194659	0.944933	0.838181
201	0.124985	0.194659	0.462440	0.362907
202	0.124985	0.194659	0.506517	0.405601
203	0.124985	0.194659	0.626799	0.516134
204	0.124985	0.194659	0.925711	0.822767
205	0.124985	0.194659	0.537631	0.434658
206	0.124985	0.194659	0.504551	0.405836
207	0.124985	0.194659	0.548629	0.444595
208	0.124985	0.194659	1.071806	0.971564
209	0.124985	0.194659	0.493061	0.392776
210	0.124985	0.194659	0.504037	0.407527
211	0.124985	0.194659	2.457817	2.356377
212	0.124985	0.194659	0.449430	0.367099
213	0.124985	0.194659	0.493967	0.378270
214	0.124985	0.194659	0.603191	0.506707
215	0.124985	0.194659	0.654434	0.566514
216	0.124985	0.194659	0.460435	0.349451
217	0.124985	0.194659	0.475251	0.377559
218	0.124985	0.194659	0.600772	0.498646
219	0.124985	0.194659	0.769877	0.675459
220	0.124985	0.194659	0.439292	0.341850
221	0.124985	0.194659	0.468047	0.370500
222	0.124985	0.194659	0.496780	0.394868
223	0.124985	0.194659	1.001255	0.906882
224	0.124985	0.194659	0.430621	0.330895
225	0.124985	0.194659	0.463255	0.363910
226	0.124985	0.194659	0.467986	0.374332
227	0.124985	0.194659	0.510158	0.409255
228	0.124985	0.194659	0.993537	0.901222
229	0.124985	0.194659	0.443078	0.344400
230	0.124985	0.194659	0.442572	0.347600
231	0.124985	0.194659	0.590142	0.488778
232	0.124985	0.194659	2.905576	2.811139
233	0.124985	0.194659	0.418610	0.323357
234	0.124985	0.194659	0.441106	0.349707
235	0.124985	0.194659	0.470820	0.366257
236	0.124985	0.194659	0.486143	0.391100
237	0.124985	0.194659	0.628414	0.532404
238	0.124985	0.194659	0.412819	0.316769
239	0.124985	0.194659	0.436774	0.340501
240	0.124985	0.194659	0.460729	0.364478
241	0.124985	0.194659	0.483217	0.385826
242	0.124985	0.194659	0.748181	0.651797
243	0.124985	0.194659	0.398381	0.314860
244	0.124985	0.194659	0.433387	0.330201
245	0.124985	0.194659	0.458302	0.356554
246	0.124985	0.194659	0.483217	0.384219
247	0.124985	0.194659	0.351884	0.258576
248	0.124985	0.194659	0.864078	0.765399
249	0.124985	0.194659	0.380639	0.285652
250	0.124985	0.194659	0.432895	0.326371
251	0.124985	0.194659	0.433334	0.330038
252	0.124985	0.194659	0.461582	0.362585
253	0.124985	0.194659	0.980481	0.872748
254	0.124985	0.194659	0.392590	0.288998
255	0.124985	0.194659	0.350425	0.249978
256	0.124985	0.194659	0.404087	0.308292
257	0.124985	0.194659	0.433787	0.342578
258	0.124985	0.194659	0.473087	0.346856
259	0.124985	0.194659	3.476503	3.370399
260	0.124985	0.194659	0.391123	0.286395
261	0.124985	0.194659	0.348005	0.240381
262	0.124985	0.194659	0.400708	0.293916
263	0.124985	0.194659	0.414571	0.322455
264	0.124985	0.194659	0.458656	0.340887
265	0.124985	0.194659	0.348013	0.236680
266	0.124985	0.194659	0.588969	0.481889
267	0.124985	0.194659	0.379126	0.272111
268	0.124985	0.194659	0.398742	0.301581
269	0.124985	0.194659	0.343666	0.230597
270	0.124985	0.194659	0.418872	0.309602
271	0.124985	0.194659	0.437067	0.342175
272	0.124985	0.194659	0.718775	0.599905
273	0.124985	0.194659	0.344134	0.233384
274	0.124985	0.194659	0.349358	0.245380
275	0.124985	0.194659	0.406414	0.295664
276	0.124985	0.194659	0.330203	0.222846
277	0.124985	0.194659	0.396769	0.293751
278	0.124985	0.194659	0.450938	0.340693
279	0.124985	0.194659	0.330203	0.224751
280	0.124985	0.194659	0.808343	0.697600
281	0.124985	0.194659	0.374734	0.268828
282	0.124985	0.194659	0.327776	0.221372
283	0.124985	0.194659	0.371861	0.265450
284	0.124985	0.194659	0.415939	0.309534
285	0.124985	0.194659	0.316286	0.204583
286	0.124985	0.194659	0.441806	0.334428
287	0.124985	0.194659	0.939569	0.832183
288	0.124985	0.194659	0.311954	0.204669
289	0.124985	0.194659	0.355057	0.247808
290	0.124985	0.194659	0.326317	0.219061
291	0.124985	0.194659	0.354558	0.262171
292	0.124985	0.194659	0.326317	0.204227
293	0.124985	0.194659	0.389051	0.286148
294	0.124985	0.194659	0.433128	0.324955
295	0.124985	0.194659	0.311947	0.201377
296	0.124985	0.194659	0.330330	1.923053
297	0.124985	0.194659	0.324858	0.217580
298	0.124985	0.194659	0.330603	0.223354
299	0.124985	0.194659	0.318599	0.211364
300	0.124985	0.194659	0.367023	0.259774
301	0.124985	0.194659	0.309974	0.202761
302	0.124985	0.194659	0.385672	0.281831
303	0.124985	0.194659	0.432629	0.323438
304	0.124985	0.194659	0.287939	0.183613
305	0.124985	0.194659	0.574439	0.465255
306	0.124985	0.194659	0.290819	0.181158
307	0.124985	0.194659	0.356924	0.247277
308	0.124985	0.194659	0.288392	0.179209
309	0.124985	0.194659	0.378460	0.274076
310	0.124985	0.194659	0.286472	0.180711
311	0.124985	0.194659	0.405295	0.298038
312	0.124985	0.194659	0.284552	0.177332
313	0.124985	0.194659	0.303215	0.195959
314	0.124985	0.194659	0.410095	0.302831
315	0.124985	0.194659	0.303722	0.196466
316	0.124985	0.194659	0.657748	0.550492
317	0.124985	0.194659	0.294598	0.187349
318	0.124985	0.194659	0.344927	0.237663
319	0.124985	0.194659	0.292678	0.185422
320	0.124985	0.194659	0.360703	0.263239
321	0.124985	0.194659	0.285013	0.177757
322	0.124985	0.194659	0.299843	0.293692
323	0.124985	0.194659	0.381793	0.173411
324	0.124985	0.194659	0.301295	0.194039
325	0.124985	0.194659	0.390871	0.283600
326	0.124985	0.194659	0.292685	0.185400
327	0.124985	0.194659	0.788514	0.681243
328	0.124985	0.194659	0.280674	0.173403
329	0.124985	0.194659	0.299836	0.192566
330	0.124985	0.194659	0.318999	0.211721
331	0.124985	0.194659	0.290259	0.183003
332	0.124985	0.194659	0.354905	0.247634
333	0.124985	0.194659	0.280674	0.173389
334	0.124985	0.194659	0.298384	0.191121
335	0.124985	0.194659	0.356818	0.259638
336	0.124985	0.194659	0.280681	0.163298
337	0.124985	0.194659	0.295497	0.188190
338	0.124985	0.194659	0.390864	0.283572
339	0.124985	0.194659	0.286880	0.177233
340	0.124985	0.194659	0.905877	0.799595
341	0.124985	0.194659	0.264331	0.158562
342	0.124985	0.194659	0.285920	0.178692
343	0.124985	0.194659	0.329997	0.222770
344	0.124985	0.194659	0.276796	0.170998
345	0.124985	0.194659	0.275375	0.166630
346	0.124985	0.194659	0.352985	0.245692
347	0.124985	0.194659	0.274876	0.167591
348	0.124985	0.194659	0.273916	0.166623
349	0.124985	0.194659	0.373568	0.269655
350	0.124985	0.194659	0.276803	0.167583
351	0.124985	0.194659	0.275375	0.166710
352	0.124985	0.194659	0.397516	0.290195
353	0.124985	0.194659	0.276803	0.169590
354	0.124985	0.194659	0.271043	0.163815
355	0.124985	0.194659	1.621148	1.513935
356	0.124985	0.194659	0.259999	0.157110
357	0.124985	0.194659	0.284461	0.172912
358	0.124985	0.194659	0.278701	0.171459
359	0.124985	0.194659	0.308869	0.201598
360	0.124985	0.194659	0.264784	0.157542
361	0.124985	0.194659	0.294045	0.186782
362	0.124985	0.194659	0.327071	0.219793
363	0.124985	0.194659	0.273424	0.166160
364	0.124985	0.194659	0.267656	0.160378
365	0.124985	0.194659	0.276281	0.169011
366	0.124985	0.194659	0.356771	0.249529
367	0.124985	0.194659	0.264784	0.157513
368	0.124985	0.194659	0.292586	0.185308
369	0.124985	0.194659	0.370642	0.265791
370	0.124985	0.194659	0.259991	0.150316
371	0.124985	0.194659	0.283009	0.175745
372	0.124985	0.194659	0.270022	0.162773
373	0.124985	0.194659	0.518704	0.411462
374	0.124985	0.194659	0.258532	0.151283
375	0.124985	0.194659	0.278662	0.172879
376	0.124985	0.194659	0.272441	0.163762
377	0.124985	0.194659	0.300690	0.193477
378	0.124985	0.194659	0.258532	0.151319
379	0.124985	0.194659	0.278669	0.171449
380	0.124985	0.194659	0.270022	0.162795
381	0.124985	0.194659	0.323685	0.216465
382	0.124985	0.194659	0.257572	0.150359
383	0.124985	0.194659	0.263332	0.156105
384	0.124985	0.194659	0.288247	0.190818
385	0.124985	0.194659	0.345221	0.239467
386	0.124985	0.194659	0.255652	0.146980
387	0.124985	0.194659	0.261405	0.154192
388	0.124985	0.194659	0.263785	0.159944
389	0.124985	0.194659	0.271949	0.161343
390	0.124985	0.194659	0.369183	0.266295
391	0.124985	0.194659	0.258532	0.146980
392	0.124985	0.194659	0.258993	0.151773
393	0.124985	0.194659	0.288247	0.181026
394	0.124985	0.194659	0.632688	0.525460
395	0.124985	0.194659	0.254200	0.146980
396	0.124985	0.194659	0.258993	0.151780
397	0.124985	0.194659	0.263778	0.156630
398	0.124985	0.194659	0.268563	0.161357
399	0.124985	0.194659	0.297311	0.190098
400	0.124985	0.194659	0.254200	0.147023
401	0.124985	0.194659	0.258993	0.151830
402	0.124985	0.194659	0.263785	0.156615
403	0.124985	0.194659	0.268563	0.161400
404	0.124985	0.194659	0.244109	0.214110
405	0.124985	0.194659	0.321266	0.136939
406	0.124985	0.194659	0.254193	0.147016
407	0.124985	0.194659	0.254654	0.151816
408	0.124985	0.194659	0.263778	0.152254
409	0.124985	0.194659	0.268563	0.161386
410	0.124985	0.194659	0.341849	0.234657
411	0.124985	0.194659	0.251781	0.147016
412	0.124985	0.194659	0.258986	0.149368
413	0.124985	0.194659	0.262326	0.155127
414	0.124985	0.194659	0.268570	0.136672
415	0.124985	0.194659	0.244102	0.157025
416	0.124985	0.194659	0.364844	0.261970
417	0.124985	0.194659	0.250814	0.143633
418	0.124985	0.194659	0.256567	0.149354
419	0.124985	0.194659	0.262319	0.155113
420	0.124985	0.194659	0.244102	0.136665
421	0.124985	0.194659	0.264224	0.156816
422	0.124985	0.194659	0.749084	0.641863
423	0.124985	0.194659	0.251774	0.144409
424	0.124985	0.194659	0.257527	0.150306
425	0.124985	0.194659	0.244102	0.136730
426	0.124985	0.194659	0.259446	0.152110
427	0.124985	0.194659	0.262772	0.155379
428	0.124985	0.194659	0.295859	0.188512
429	0.124985	0.194659	0.244109	0.136723
430	0.124985	0.194659	0.246475	0.139110
431	0.124985	0.194659	0.256567	0.149181
432	0.124985	0.194659	0.262326	0.135278
433	0.124985	0.194659	0.239762	0.152082
434	0.124985	0.194659	0.265191	0.155357
435	0.124985	0.194659	0.317387	0.212378
436	0.124985	0.194659	0.244102	0.132376
437	0.124985	0.194659	0.246475	0.143399
438	0.124985	0.194659	0.255115	0.147700
439	0.124985	0.194659	0.239770	0.132326
440	0.124985	0.194659	0.260406	0.152970
441	0.124985	0.194659	0.264685	0.157255
442	0.124985	0.194659	0.239770	0.132319
443	0.124985	0.194659	0.339430	0.231979
444	0.124985	0.194659	0.252734	0.145290
445	0.124985	0.194659	0.239762	0.132348
446	0.124985	0.194659	0.253195	0.145830
447	0.124985	0.194659	0.242642	0.135249
448	0.124985	0.194659	0.256067	0.158538
449	0.124985	0.194659	0.264685	0.157356
450	0.124985	0.194659	0.239762	0.132413
451	0.124985	0.194659	0.363385	0.254662
452	0.124985	0.194659	0.242642	0.132484
453	0.124985	0.194659	0.244055	0.141117
454	0.124985	0.194659	0.242642	0.135357
455	0.124985	0.194659	0.251267	0.141606
456	0.124985	0.194659	0.259907	0.135364
457	0.124985	0.194659	0.236383	0.148681
458	0.124985	0.194659	0.264685	0.157421
459	0.124985	0.194659	0.239762	0.132506
460	0.124985	0.194659	0.866432	0.759133
461	0.124985	0.194659	0.238303	0.130968
462	0.124985	0.194659	0.248402	0.141081
463	0.124985	0.194659	0.242650	0.131040
464	0.124985	0.194659	0.248848	0.145895
465	0.124985	0.194659	0.242650	0.135386
466	0.124985	0.194659	0.253648	0.146298
467	0.124985	0.194659	0.242642	0.135307
468	0.124985	0.194659	0.258433	0.151068
469	0.124985	0.194659	0.242650	0.135278
470	0.124985	0.194659	0.287173	0.179787
471	0.124985	0.194659	0.242650	0.130961
472	0.124985	0.194659	0.244063	0.141088
473	0.124985	0.194659	0.238310	0.130939
474	0.124985	0.194659	0.253187	0.144385
475	0.124985	0.194659	0.238310	0.132391
476	0.124985	0.194659	0.256520	0.149134
477	0.124985	0.194659	0.239762	0.129084
478	0.124985	0.194659	0.261313	0.157378
479	0.124985	0.194659	0.236383	0.129055
480	0.124985	0.194659	0.240223	0.132888
481	0.124985	0.194659	0.311135	0.203850
482	0.124985	0.194659	0.242642	0.135321
483	0.124985	0.194659	0.244063	0.136792
484	0.124985	0.194659	0.238310	0.131076
485	0.124985	0.194659	0.251735	0.144457
486	0.124985	0.194659	0.236390	0.129217
487	0.124985	0.194659	0.240230	0.133104
488	0.124985	0.194659	0.253640	0.146363
489	0.124985	0.194659	0.238310	0.131108
490	0.124985	0.194659	0.261313	0.154064
491	0.124985	0.194659	0.236390	0.129354
492	0.124985	0.194659	0.240230	0.133190
493	0.124985	0.194659	0.335083	0.227917
494	0.124985	0.194659	0.238310	0.131266
495	0.124985	0.194659	0.246935	0.139805
496	0.124985	0.194659	0.236390	0.129185
497	0.124985	0.194659	0.240230	0.128865
498	0.124985	0.194659	0.247396	0.144684
499	0.124985	0.194659	0.236383	0.129188
500	0.124985	0.194659	0.240230	0.133190
501	0.124985	0.194659	0.253648	0.146377
502	0.124985	0.194659	0.238310	0.127905
503	0.124985	0.194659	0.236851	0.132956
504	0.124985	0.194659	0.258425	0.151104
505	0.124985	0.194659	0.238303	0.127632
506	0.124985	0.194659	0.236851	0.132916
507	0.124985	0.194659	0.359038	0.251692
508	0.124985	0.194659	0.238310	0.127610
509	0.124985	0.194659	0.236844	0.132873
510	0.124985	0.194659	0.244063	0.136691
511	0.124985	0.194659	0.234924	0.127542
512	0.124985	0.194659	0.240223	0.142608
513	0.124985	0.194659	0.248855	0.140061
514	0.124985	0.194659	0.234931	0.129123
515	0.124985	0.194659	0.240223	0.128548
516	0.124985	0.194659	0.252188	0.149206
517	0.124985	0.194659	0.236383	0.126650
518	0.124985	0.194659	0.235891	0.131014
519	0.124985	0.194659	0.261313	0.129552
520	0.124985	0.194659	0.233964	0.151137
521	0.124985	0.194659	0.234924	0.127671
522	0.124985	0.194659	0.240230	0.128772
523	0.124985	0.194659	0.178159	1.075220
524	0.124985	0.194659	0.233971	0.126679
525	0.124985	0.194659	0.238303	0.131155
526	0.124985	0.194659	0.236844	0.129714
527	0.124985	0.194659	0.244055	0.135380
528	0.124985	0.194659	0.234924	0.129130
529	0.124985	0.194659	0.235891	0.128779
530	0.124985	0.194659	0.251735	0.129681
531	0.124985	0.194659	0.233964	0.141646
532	0.124985	0.194659	0.234924	0.127812
533	0.124985	0.194659	0.235884	0.128746
534	0.124985	0.194659	0.256528	0.149401
535	0.124985	0.194659	0.233971	0.126888
536	0.124985	0.194659	0.234924	0.127826
537	0.124985	0.194659	0.240223	0.128793
538	0.124985	0.194659	0.256966	0.154244
539	0.124985	0.194659	0.233964	0.126902
540	0.124985	0.194659	0.234924	0.127884
541	0.124985	0.194659	0.235884	0.128801
542	0.124985	0.194659	0.236844	0.129804
543	0.124985	0.194659	0.287180	0.178688
544	0.124985	0.194659	0.234931	0.129278
545	0.124985	0.194659	0.235891	0.128836
546	0.124985	0.194659	0.236844	0.129789
547	0.124985	0.194659	0.242603	0.135541
548	0.124985	0.194659	0.233964	0.126967
549	0.124985	0.194659	0.234924	0.127884
550	0.124985	0.194659	0.235884	0.128887
551	0.124985	0.194659	0.251735	0.129825
552	0.124985	0.194659	0.233964	0.140392
553	0.124985	0.194659	0.234924	0.126924
554	0.124985	0.194659	0.235884	0.127934
555	0.124985	0.194659	0.236851	0.133169
556	0.124985	0.194659	0.252181	0.145206
557	0.124985	0.194659	0.233964	0.126963
558	0.124985	0.194659	0.234924	0.127927
559	0.124985	0.194659	0.235891	0.128880
560	0.124985	0.194659	0.236844	0.129847
561	0.124985	0.194659	0.256973	0.149991
562	0.124985	0.194659	0.233964	0.125263
563	0.124985	0.194659	0.234924	0.126733
564	0.124985	0.194659	0.235884	0.127945
565	0.124985	0.194659	0.236851	0.128685
566	0.124985	0.194659	0.232512	0.129624
567	0.124985	0.194659	0.309676	0.202647
568	0.124985	0.194659	0.233964	0.126744
569	0.124985	0.194659	0.234924	0.127682
570	0.124985	0.194659	0.235891	0.128628
571	0.124985	0.194659	0.236844	0.129595
572	0.124985	0.194659	0.242596	0.135401
573	0.124985	0.194659	0.233964	0.126708
574	0.124985	0.194659	0.232512	0.127949
575	0.124985	0.194659	0.234924	0.125263
576	0.124985	0.194659	0.235884	0.138441
577	0.124985	0.194659	0.236844	0.129595
578	0.124985	0.194659	0.247396	0.140169
579	0.124985	0.194659	0.233971	0.126773
580	0.124985	0.194659	0.234931	0.127675
581	0.124985	0.194659	0.232512	0.125263
582	0.124985	0.194659	0.235884	0.128657
583	0.124985	0.194659	0.236844	0.129645
584	0.124985	0.194659	0.252188	0.144954
585	0.124985	0.194659	0.233964	0.126758
586	0.124985	0.194659	0.232505	0.125292
587	0.124985	0.194659	0.234924	0.127740
588	0.124985	0.194659	0.235891	0.128671
589	0.124985	0.194659	0.236851	0.129631
590	0.124985	0.194659	0.232512	0.125328
591	0.124985	0.194659	0.256966	0.149760
592	0.124985	0.194659	0.233964	0.126808
593	0.124985	0.194659	0.234931	0.127761
594	0.124985	0.194659	0.232512	0.125342
595	0.124985	0.194659	0.235884	0.128714
596	0.124985	0.194659	0.236844	0.129724
597	0.124985	0.194659	0.232505	0.125321
598	0.124985	0.194659	0.333624	0.226476
599	0.124985	0.194659	0.233971	0.126823
600	0.124985	0.194659	0.232512	0.125367
601	0.124985	0.194659	0.234924	0.127740
602	0.124985	0.194659	0.235891	0.128685
603	0.124985	0.194659	0.232505	0.125302
604	0.124985	0.194659	0.236851	0.129631
605	0.124985	0.194659	0.242596	0.135369
606	0.124985	0.194659	0.232505	0.125274
607	0.124985	0.194659	0.233964	0.126726
608	0.124985	0.194659	0.232512	0.125234
609	0.124985	0.194659	0.234931	0.127668
610	0.124985	0.194659	0.235884	0.128592
611	0.124985	0.194659	0.232512	0.125216
612	0.124985	0.194659	0.236851	0.129588
613	0.124985	0.194659	0.232505	0.125191
614	0.124985	0.194659	0.247396	0.140075
615	0.124985	0.194659	0.233964	0.126650
616	0.124985	0.194659	0.232505	0.125187
617	0.124985	0.194659	0.234931	0.127617
618	0.124985	0.194659	0.232512	0.125169
619	0.124985	0.194659	0.235884	0.128570
620	0.124985	0.194659	0.232512	0.125205
621	0.124985	0.194659	0.236844	0.129652
622	0.124985	0.194659	0.252181	0.125169
623	0.124985	0.194659	0.232505	0.144867
624	0.124985	0.194659	0.233971	0.125169
625	0.124985	0.194659	0.232505	0.126708
626	0.124985	0.194659	0.234924	0.125148
627	0.124985	0.194659	0.232505	0.127592
628	0.124985	0.194659	0.235884	0.128552
629	0.124985	0.194659	0.232512	0.125177
630	0.124985	0.194659	0.236844	0.125155
631	0.124985	0.194659	0.232505	0.129642
632	0.124985	0.194659	0.256966	0.125191
633	0.124985	0.194659	0.232512	0.149624
634	0.124985	0.194659	0.233964	0.125162
635	0.124985	0.194659	0.232512	0.126628
636	0.124985	0.194659	0.232505	0.125169
637	0.124985	0.194659	0.234931	0.127567
638	0.124985	0.194659	0.232505	0.125252
639	0.124985	0.194659	0.235884	0.128541
640	0.124985	0.194659	0.232512	0.134947
641	0.124985	0.194659	0.236851	0.129501
642	0.124985	0.194659	0.232512	0.125169
643	0.124985	0.194659	0.357579	0.250258
644	0.124985	0.194659	0.232512	0.125176
645	0.124985	0.194659	0.233964	0.125184
646	0.124985	0.194659	0.232505	0.126672
647	0.124985	0.194659	0.232505	0.125176
648	0.124985	0.194659	0.234924	0.127610
649	0.124985	0.194659	0.232505	0.125191
650	0.124985	0.194659	0.235891	0.125184
651	0.124985	0.194659	0.232505	0.128556
652	0.124985	0.194659	0.232505	0.125169
653	0.124985	0.194659	0.236844	0.129545
654	0.124985	0.194659	0.232512	0.125205
655	0.124985	0.194659	0.242596	0.135268
656	0.124985	0.194659	0.232512	0.125205
657	0.124985	0.194659	0.232505	0.125234
658	0.124985	0.194659	0.233971	0.126679
659	0.124985	0.194659	0.232512	0.125234
660	0.124985	0.194659	0.232505	0.125191
661	0.124985	0.194659	0.234924	0.127632
662	0.124985	0.194659	0.232512	0.125191
663	0.124985	0.194659	0.232512	0.125234
664	0.124985	0.194659	0.235884	0.128570
665	0.124985	0.194659	0.232505	0.125234
666	0.124985	0.194659	0.232505	0.125220
667	0.124985	0.194659	0.236844	0.129559
668	0.124985	0.194659	0.232505	0.125234
669	0.124985	0.194659	0.232512	0.125220
670	0.124985	0.194659	0.247389	0.140126
671	0.124985	0.194659	0.232505	0.125227
672	0.124985	0.194659	0.232505	0.125220
673	0.124985	0.194659	0.233964	0.126701
674	0.124985	0.194659	0.232505	0.125248
675	0.124985	0.194659	0.232512	0.125220
676	0.124985	0.194659	0.234931	0.127646
677	0.124985	0.194659	0.232505	0.125234
678	0.124985	0.194659	0.232505	0.125213
679	0.124985	0.194659	0.235884	0.128599
680	0.124985	0.194659	0.232505	0.125212
681	0.124985	0.194659	0.232505	0.125234
682	0.124985	0.194659	0.236844	0.129483
683	0.124985	0.194659	0.232505	0.125248
684	0.124985	0.194659	0.232512	0.125202
685	0.124985	0.194659	0.232505	0.125202
686	0.124985	0.194659	0.252188	0.144889
687	0.124985	0.194659	0.232505	0.125241
688	0.124985	0.194659	0.232512	0.125133
689	0.124985	0.194659	0.233971	0.125123
690	0.124985	0.194659	0.232505	0.126708
691	0.124985	0.194659	0.232512	0.125133
692	0.124985	0.194659	0.232512	0.125227
693	0.124985	0.194659	0.234924	0.127563
694	0.124985	0.194659	0.232512	0.125155
695	0.124985	0.194659	0.232505	0.125241
696	0.124985	0.194659	0.232505	0.125191
697	0.124985	0.194659	0.235891	0.128556
698	0.124985	0.194659	0.232505	0.125241
699	0.124985	0.194659	0.232512	0.125234
700	0.124985	0.194659	0.232505	0.125094
701	0.124985	0.194659	0.236851	0.129447
702	0.124985	0.194659	0.232512	0.125144
703	0.124985	0.194659	0.232505	0.125101
704	0.124985	0.194659	0.232512	0.134900
705	0.124985	0.194659	0.256966	0.149710
706	0.124985	0.194659	0.232505	0.125191
707	0.124985	0.194659	0.232505	0.125094
708	0.124985	0.194659	0.232505	0.125115
709	0.124985	0.194659	0.233964	0.125086
710	0.124985	0.194659	0.232505	0.126553
711	0.124985	0.194659	0.232512	0.125166
712	0.124985	0.194659	0.232505	0.125101
713	0.124985	0.194659	0.232505	0.125122
714	0.124985	0.194659	0.234924	0.125094
715	0.124985	0.194659	0.232512	0.127527
716	0.124985	0.194659	0.232505	0.125101
717	0.124985	0.194659	0.232512	0.125101
718	0.124985	0.194659	0.232512	0.125101
719	0.124985	0.194659	0.235891	0.125101
720	0.124985	0.194659	0.232505	0.128466
721	0.124985	0.194659	0.232505	0.125094
722	0.124985	0.194659	0.232512	0.125122
723	0.124985	0.194659	0.232505	0.125108
724	0.124985	0.194659	0.236851	0.125123
725	0.124985	0.194659	0.232505	0.129454
726	0.124985	0.194659	0.232505	0.125101
727	0.124985	0.194659	0.232505	0.125115
728	0.124985	0.194659	0.232512	0.125108
729	0.124985	0.194659	0.232505	0.125108
730	0.124985	0.194659	0.501309	0.393912
731	0.124985	0.194659	0.232512	0.125108
732	0.124985	0.194659	0.232505	0.125115
733	0.124985	0.194659	0.232512	0.125115
734	0.124985	0.194659	0.232505	0.125115
735	0.124985	0.194659	0.232505	0.125122
736	0.124985	0.194659	0.233964	0.126575
737	0.124985	0.194659	0.232505	0.125122
738	0.124985	0.194659	0.232505	0.125123
739	0.124985	0.194659	0.232505	0.125115
740	0.124985	0.194659	0.232505	0.125101
741	0.124985	0.194659	0.232505	0.125130
742	0.124985	0.194659	0.234931	0.127535
743	0.124985	0.194659	0.232505	0.125137
744	0.124985	0.194659	0.232505	0.125123
745	0.124985	0.194659	0.232505	0.125122
746	0.124985	0.194659	0.232505	0.125112
747	0.124985	0.194659	0.232505	0.125112
748	0.124985	0.194659	0.232505	0.125112
749	0.124985	0.194659	0.235884	0.128491
750	0.124985	0.194659	0.232512	0.125119
751	0.124985	0.194659	0.232505	0.125112
752	0.124985	0.194659	0.232512	0.125119
753	0.124985	0.194659	0.232505	0.125126
754	0.124985	0.194659	0.232505	0.125126
755	0.124985	0.194659	0.232512	0.125119
756	0.124985	0.194659	0.236851	0.129451
757	0.124985	0.194659	0.232512	0.125126
758	0.124985	0.194659	0.232505	0.125112
759	0.124985	0.194659	0.232505	0.125115
760	0.124985	0.194659	0.232505	0.125123
761	0.124985	0.194659	0.232505	0.125112
762	0.124985	0.194659	0.232505	0.125097
763	0.124985	0.194659	0.242596	0.135196
764	0.124985	0.194659	0.232505	0.125097
765	0.124985	0.194659	0.232505	0.125076
766	0.124985	0.194659	0.232505	0.125083
767	0.124985	0.194659	0.232505	0.125079
768	0.124985	0.194659	0.232505	0.134857
769	0.124985	0.194659	0.232505	0.125065
770	0.124985	0.194659	0.232512	0.125065
771	0.124985	0.194659	0.232512	0.126546
772	0.124985	0.194659	0.233971	0.125072
773	0.124985	0.194659	0.232512	0.125087
774	0.124985	0.194659	0.232505	0.125072
775	0.124985	0.194659	0.232505	0.125068
776	0.124985	0.194659	0.232505	0.125051
777	0.124985	0.194659	0.232512	0.125050
778	0.124985	0.194659	0.232505	0.125065
779	0.124985	0.194659	0.232505	0.125072
780	0.124985	0.194659	0.234931	0.127506
781	0.124985	0.194659	0.232505	0.125058
782	0.124985	0.194659	0.232505	0.125072
783	0.124985	0.194659	0.232505	0.125072
784	0.124985	0.194659	0.232512	0.125058
785	0.124985	0.194659	0.232512	0.125065
786	0.124985	0.194659	0.232505	0.125072
787	0.124985	0.194659	0.232512	0.125054
788	0.124985	0.194659	0.232505	0.125054
789	0.124985	0.194659	0.232505	0.125079
790	0.124985	0.194659	0.235884	0.128469
791	0.124985	0.194659	0.232512	0.125068
792	0.124985	0.194659	0.232505	0.125043
793	0.124985	0.194659	0.232505	0.125043
794	0.124985	0.194659	0.232505	0.125076
795	0.124985	0.194659	0.232512	0.125090
796	0.124985	0.194659	0.232512	0.125083
797	0.124985	0.194659	0.232505	0.125076
798	0.124985	0.194659	0.232505	0.125072
799	0.124985	0.194659	0.232512	0.125054
800	0.124985	0.194659	0.232505	0.125054
801	0.124985	0.194659	0.236844	0.129393
802	0.124985	0.194659	0.232512	0.125061
803	0.124985	0.194659	0.232512	0.125061
804	0.124985	0.194659	0.232505	0.125054
805	0.124985	0.194659	0.232512	0.125061
806	0.124985	0.194659	0.232512	0.125061
807	0.124985	0.194659	0.232505	0.125054
808	0.124985	0.194659	0.232505	0.125061
809	0.124985	0.194659	0.232512	0.125047
810	0.124985	0.194659	0.232512	0.125047
811	0.124985	0.194659	0.232512	0.125061
812	0.124985	0.194659	0.232505	0.125068
813	0.124985	0.194659	0.247389	0.125068
814	0.124985	0.194659	0.232505	0.139938
815	0.124985	0.194659	0.232505	0.125068
816	0.124985	0.194659	0.232505	0.125061
817	0.124985	0.194659	0.232505	0.125061
818	0.124985	0.194659	0.232512	0.125068
819	0.124985	0.194659	0.232505	0.125061
820	0.124985	0.194659	0.232512	0.125054
821	0.124985	0.194659	0.232505	0.125061
822	0.124985	0.194659	0.232512	0.125036
823	0.124985	0.194659	0.232505	0.125032
824	0.124985	0.194659	0.232512	0.125061
825	0.124985	0.194659	0.232512	0.125068
826	0.124985	0.194659	0.232512	0.125036
827	0.124985	0.194659	0.232512	0.125061
828	0.124985	0.194659	0.233964	0.126520
829	0.124985	0.194659	0.232512	0.125033
830	0.124985	0.194659	0.232512	0.125061
831	0.124985	0.194659	0.232505	0.125025
832	0.124985	0.194659	0.232512	0.134839
833	0.124985	0.194659	0.232505	0.125058
834	0.124985	0.194659	0.232512	0.125061
835	0.124985	0.194659	0.232512	0.125061
836	0.124985	0.194659	0.232505	0.125032
837	0.124985	0.194659	0.232512	0.125058
838	0.124985	0.194659	0.232512	0.125032
839	0.124985	0.194659	0.232516	0.125032
840	0.124985	0.194659	0.232505	0.125033
841	0.124985	0.194659	0.232516	0.125032
842	0.124985	0.194659	0.232512	0.125054
843	0.124985	0.194659	0.232516	0.125061
844	0.124985	0.194659	0.232523	0.125033
845	0.124985	0.194659	0.234924	0.127488
846	0.124985	0.194659	0.232505	0.125032
847	0.124985	0.194659	0.232505	0.125033
848	0.124985	0.194659	0.232512	0.125032
849	0.124985	0.194659	0.232516	0.125032
850	0.124985	0.194659	0.232516	0.125032
851	0.124985	0.194659	0.232516	0.125040
852	0.124985	0.194659	0.232516	0.125068
853	0.124985	0.194659	0.232516	0.125068
854	0.124985	0.194659	0.232523	0.125061
855	0.124985	0.194659	0.232512	0.125047
856	0.124985	0.194659	0.232505	0.125032
857	0.124985	0.194659	0.232512	0.125040
858	0.124985	0.194659	0.232505	0.125058
859	0.124985	0.194659	0.232516	0.125033
860	0.124985	0.194659	0.232519	0.125068
861	0.124985	0.194659	0.232505	0.125025
862	0.124985	0.194659	0.232516	0.125036
863	0.124985	0.194659	0.235891	0.128405
864	0.124985	0.194659	0.232505	0.125032
865	0.124985	0.194659	0.232505	0.125033
866	0.124985	0.194659	0.232523	0.125032
867	0.124985	0.194659	0.232512	0.125032
868	0.124985	0.194659	0.232516	0.125032
869	0.124985	0.194659	0.232516	0.125032
870	0.124985	0.194659	0.232516	0.125033
871	0.124985	0.194659	0.232516	0.125058
872	0.124985	0.194659	0.232516	0.125040
873	0.124985	0.194659	0.232523	0.125032
874	0.124985	0.194659	0.232505	0.125025
875	0.124985	0.194659	0.232512	0.125058
876	0.124985	0.194659	0.232512	0.125040
877	0.124985	0.194659	0.232512	0.125040
878	0.124985	0.194659	0.232516	0.125040
879	0.124985	0.194659	0.232516	0.125032
880	0.124985	0.194659	0.232523	0.125032
881	0.124985	0.194659	0.232512	0.125033
882	0.124985	0.194659	0.232516	0.125032
883	0.124985	0.194659	0.232516	0.125032
884	0.124985	0.194659	0.232516	0.125040
885	0.124985	0.194659	0.232516	0.125032
886	0.124985	0.194659	0.236862	0.129372
887	0.124985	0.194659	0.232516	0.125032
888	0.124985	0.194659	0.232516	0.125040
889	0.124985	0.194659	0.232516	0.125032
890	0.124985	0.194659	0.232523	0.125040
891	0.124985	0.194659	0.232512	0.125040
892	0.124985	0.194659	0.232523	0.125040
893	0.124985	0.194659	0.232512	0.125033
894	0.124985	0.194659	0.232523	0.125040
895	0.124985	0.194659	0.232523	0.125047
896	0.124985	0.194659	0.232516	0.134832
897	0.124985	0.194659	0.232512	0.125040
898	0.124985	0.194659	0.232519	0.125040
899	0.124985	0.194659	0.232516	0.125040
900	0.124985	0.194659	0.232519	0.125040
901	0.124985	0.194659	0.232519	0.125040
902	0.124985	0.194659	0.232523	0.125040
903	0.124985	0.194659	0.232512	0.125040
904	0.124985	0.194659	0.232512	0.125032
905	0.124985	0.194659	0.232512	0.125033
906	0.124985	0.194659	0.232523	0.125032
907	0.124985	0.194659	0.232516	0.125040
908	0.124985	0.194659	0.232523	0.125033
909	0.124985	0.194659	0.232516	0.125040
910	0.124985	0.194659	0.232523	0.125033
911	0.124985	0.194659	0.232512	0.125047
912	0.124985	0.194659	0.232512	0.125040
913	0.124985	0.194659	0.232512	0.125040
914	0.124985	0.194659	0.232508	0.125033
915	0.124985	0.194659	0.232519	0.125040
916	0.124985	0.194659	0.232512	0.125032
917	0.124985	0.194659	0.252192	0.144716
918	0.124985	0.194659	0.232519	0.125032
919	0.124985	0.194659	0.232516	0.125047
920	0.124985	0.194659	0.232523	0.125047
921	0.124985	0.194659	0.232516	0.125033
922	0.124985	0.194659	0.232508	0.125040
923	0.124985	0.194659	0.232519	0.128918
