Query	FD-Tree	Skan	Adaptive Merging	Lazy Adaptive Merging
1	0.096558	0.226506	2.097192	1.638012
2	0.096558	0.226506	2.361488	1.902602
3	0.096558	0.226506	2.526534	2.144182
4	0.096558	0.226506	1.985344	1.602908
5	0.096558	0.226506	1.562667	2.179867
6	0.096558	0.226506	1.678763	2.296789
7	0.096558	0.226506	1.764774	1.458620
8	0.096558	0.226506	1.632679	2.326987
9	0.096558	0.226506	1.034816	2.729600
10	0.096558	0.226506	1.508322	1.203092
11	0.096558	0.226506	1.845708	1.540632
12	0.096558	0.226506	1.426460	1.121272
13	0.096558	0.226506	1.932975	1.704055
14	0.096558	0.226506	1.148988	0.919704
15	0.096558	0.226506	1.269253	2.040865
16	0.096558	0.226506	1.078460	0.849442
17	0.096558	0.226506	1.012745	0.784385
18	0.096558	0.226506	1.226725	1.997427
19	0.096558	0.226506	1.005974	0.777264
20	0.096558	0.226506	1.171820	0.943502
21	0.096558	0.226506	1.286067	2.133135
22	0.096558	0.226506	0.854140	0.701404
23	0.096558	0.226506	0.790300	0.637760
24	0.096558	0.226506	0.867130	0.714618
25	0.096558	0.226506	0.853909	1.001201
26	0.096558	0.226506	0.691644	0.539062
27	0.096558	0.226506	0.715938	0.563160
28	0.096558	0.226506	0.774995	0.623379
29	0.096558	0.226506	0.563371	1.111433
30	0.096558	0.226506	0.597634	0.445332
31	0.096558	0.226506	0.646390	0.493710
32	0.096558	0.226506	0.651932	0.500316
33	0.096558	0.226506	0.700634	0.548486
34	0.096558	0.226506	0.399004	0.322872
35	0.096558	0.226506	0.341178	1.265900
36	0.096558	0.226506	0.432674	0.356780
37	0.096558	0.226506	0.510454	0.433958
38	0.096558	0.226506	0.333206	0.257298
39	0.096558	0.226506	0.506620	0.431342
40	0.096558	0.226506	0.356604	0.280612
41	0.096558	0.226506	0.530048	0.454728
42	0.096558	0.226506	0.324642	0.248426
43	0.096558	0.226506	0.504026	1.428356
44	0.096558	0.226506	0.311433	0.236351
45	0.096558	0.226506	0.379919	0.303857
46	0.096558	0.226506	0.304828	0.229256
47	0.096558	0.226506	0.392066	0.316998
48	0.096558	0.226506	0.283222	0.207076
49	0.096558	0.226506	0.266345	0.190633
50	0.096558	0.226506	0.427612	0.352250
51	0.096558	0.226506	0.279471	0.203115
52	0.096558	0.226506	0.258761	0.182755
53	0.096558	0.226506	0.467917	0.392233
54	0.096558	0.226506	0.239995	0.164647
55	0.096558	0.226506	0.285014	0.209918
56	0.096558	0.226506	0.207715	1.531471
57	0.096558	0.226506	0.222153	0.146203
58	0.096558	0.226506	0.233404	0.157692
59	0.096558	0.226506	0.282159	0.206755
60	0.096558	0.226506	0.299932	0.224752
61	0.096558	0.226506	0.215548	0.141334
62	0.096558	0.226506	0.224924	0.150920
63	0.096558	0.226506	0.195817	0.122107
64	0.096558	0.226506	0.225820	0.165676
65	0.096558	0.226506	0.237071	0.163669
66	0.096558	0.226506	0.342082	0.268848
67	0.096558	0.226506	0.212694	0.139642
68	0.096558	0.226506	0.187337	0.114516
69	0.096558	0.226506	0.213576	0.138655
70	0.096558	0.226506	0.231446	0.156630
71	0.096558	0.226506	0.187337	0.112654
72	0.096558	0.226506	0.229487	0.154923
73	0.096558	0.226506	0.187337	0.112920
74	0.096558	0.226506	0.382358	0.308060
75	0.096558	0.226506	0.184482	0.110282
76	0.096558	0.226506	0.201359	0.127292
77	0.096558	0.226506	0.187337	0.113389
78	0.096558	0.226506	0.210735	0.136836
79	0.096558	0.226506	0.180732	0.106924
80	0.096558	0.226506	0.188233	0.114537
81	0.096558	0.226506	0.211631	0.137970
82	0.096558	0.226506	0.180732	0.107190
83	0.096558	0.226506	0.188233	0.112514
84	0.096558	0.226506	0.221007	0.145372
85	0.096558	0.226506	0.180732	0.105167
86	0.096558	0.226506	0.179753	0.104230
87	0.096558	0.226506	0.181628	0.106175
88	0.096558	0.226506	0.420787	0.345411
89	0.096558	0.226506	0.177878	0.102586
90	0.096558	0.226506	0.179753	0.104489
91	0.096558	0.226506	0.181628	0.106413
92	0.096558	0.226506	0.192879	0.117699
93	0.096558	0.226506	0.176002	0.100871
94	0.096558	0.226506	0.177878	0.102747
95	0.096558	0.226506	0.179753	0.104713
96	0.096558	0.226506	0.173148	0.098010
97	0.096558	0.226506	0.181628	0.106469
98	0.096558	0.226506	0.202255	0.127110
99	0.096558	0.226506	0.176002	0.100885
100	0.096558	0.226506	0.173148	0.098059
101	0.096558	0.226506	0.177878	0.102831
102	0.096558	0.226506	0.179753	0.104734
103	0.096558	0.226506	0.173148	0.098171
104	0.096558	0.226506	0.181628	0.106644
105	0.096558	0.226506	0.173148	0.098185
106	0.096558	0.226506	0.211631	0.136682
107	0.096558	0.226506	0.173148	0.098213
108	0.096558	0.226506	0.176002	0.101060
109	0.096558	0.226506	0.173148	0.098234
110	0.096558	0.226506	0.173148	0.098248
111	0.096558	0.226506	0.177878	0.102971
112	0.096558	0.226506	0.173148	0.098234
113	0.096558	0.226506	0.179753	0.104853
114	0.096558	0.226506	0.173148	0.098255
115	0.096558	0.226506	0.173148	0.098269
116	0.096558	0.226506	0.173148	0.098269
117	0.096558	0.226506	0.181628	0.106763
118	0.096558	0.226506	0.173148	0.098276
119	0.096558	0.226506	0.173148	0.098269
120	0.096558	0.226506	0.221007	0.146121
121	0.096558	0.226506	0.173148	0.098276
122	0.096558	0.226506	0.173148	0.098290
123	0.096558	0.226506	0.173148	0.098290
124	0.096558	0.226506	0.173148	0.098283
125	0.096558	0.226506	0.176002	0.101116
126	0.096558	0.226506	0.173148	0.098255
127	0.096558	0.226506	0.173148	0.098248
128	0.096558	0.226506	0.173148	0.111681
129	0.096558	0.226506	0.173148	0.098185
130	0.096558	0.226506	0.173148	0.098178
131	0.096558	0.226506	0.177878	0.102922
132	0.096558	0.226506	0.173148	0.098171
133	0.096558	0.226506	0.173148	0.098185
134	0.096558	0.226506	0.173148	0.098164
135	0.096558	0.226506	0.173148	0.098178
136	0.096558	0.226506	0.173148	0.098178
137	0.096558	0.226506	0.173148	0.098136
138	0.096558	0.226506	0.173148	0.098115
139	0.096558	0.226506	0.173148	0.098087
140	0.096558	0.226506	0.173148	0.098045
141	0.096558	0.226506	0.179753	0.104650
142	0.096558	0.226506	0.173148	0.098059
143	0.096558	0.226506	0.173148	0.098059
144	0.096558	0.226506	0.173148	0.098038
145	0.096558	0.226506	0.173148	0.097975
146	0.096558	0.226506	0.173148	0.097968
147	0.096558	0.226506	0.173148	0.097968
148	0.096558	0.226506	0.173148	0.097926
149	0.096558	0.226506	0.173148	0.097926
150	0.096558	0.226506	0.173148	0.097905
151	0.096558	0.226506	0.173148	0.097905
152	0.096558	0.226506	0.173148	0.097863
153	0.096558	0.226506	0.173169	0.097835
154	0.096558	0.226506	0.173169	0.097814
155	0.096558	0.226506	0.173169	0.097814
156	0.096558	0.226506	0.173169	0.097814
157	0.096558	0.226506	0.173169	0.097793
158	0.096558	0.226506	0.173162	0.097793
159	0.096558	0.226506	0.181649	0.106168
160	0.096558	0.226506	0.173169	0.097667
161	0.096558	0.226506	0.173162	0.097639
162	0.096558	0.226506	0.173162	0.097618
163	0.096558	0.226506	0.173162	0.097597
164	0.096558	0.226506	0.173162	0.097555
165	0.096558	0.226506	0.173162	0.097534
166	0.096558	0.226506	0.173162	0.097471
167	0.096558	0.226506	0.173162	0.097450
168	0.096558	0.226506	0.173162	0.097408
169	0.096558	0.226506	0.173162	0.097387
170	0.096558	0.226506	0.173162	0.097366
171	0.096558	0.226506	0.173162	0.097345
172	0.096558	0.226506	0.173162	0.097345
173	0.096558	0.226506	0.173162	0.097261
174	0.096558	0.226506	0.173162	0.097198
175	0.096558	0.226506	0.173155	0.097191
176	0.096558	0.226506	0.173155	0.097170
177	0.096558	0.226506	0.173155	0.097149
178	0.096558	0.226506	0.173155	0.097128
179	0.096558	0.226506	0.173155	0.097086
180	0.096558	0.226506	0.173155	0.097044
181	0.096558	0.226506	0.173155	0.097023
