Query	Adaptive Merging	Lazy Adaptive Merging	Adaptive Merging	Lazy Adaptive Merging
1	0.173584	0.192168	11.140699	5.010180
2	0.173584	0.192168	11.573587	5.623962
3	0.173584	0.192168	11.793550	6.204429
4	0.173584	0.192168	11.277847	5.868914
5	0.173584	0.192168	10.237958	5.190011
6	0.173584	0.192168	11.815192	6.947609
7	0.173584	0.192168	8.688303	4.181410
8	0.173584	0.192168	9.008745	4.681504
9	0.173584	0.192168	8.623245	4.477264
10	0.173584	0.192168	10.404052	6.438381
11	0.173584	0.192168	7.390993	3.604500
12	0.173584	0.192168	7.280630	3.674185
13	0.173584	0.192168	7.204735	3.779584
14	0.173584	0.192168	10.210628	6.967225
15	0.173584	0.192168	6.109920	3.044789
16	0.173584	0.192168	6.020654	3.136015
17	0.173584	0.192168	5.954978	3.250353
18	0.173584	0.192168	4.886767	2.183206
19	0.173584	0.192168	9.607651	7.084106
20	0.173584	0.192168	4.619184	2.275181
21	0.173584	0.192168	4.766274	2.421769
22	0.173584	0.192168	4.710644	2.548987
23	0.173584	0.192168	3.797506	1.814063
24	0.173584	0.192168	4.430505	2.446392
25	0.173584	0.192168	9.290978	7.489761
26	0.173584	0.192168	3.295575	1.492798
27	0.173584	0.192168	3.386204	1.763381
28	0.173584	0.192168	3.141805	1.519518
29	0.173584	0.192168	3.445874	1.824361
30	0.173584	0.192168	2.744560	1.302763
31	0.173584	0.192168	3.278674	1.837413
32	0.173584	0.192168	2.594710	1.332926
33	0.173584	0.192168	3.172091	1.910846
34	0.173584	0.192168	2.351843	1.090894
35	0.173584	0.192168	4.198298	3.117721
36	0.173584	0.192168	1.932705	0.849658
37	0.173584	0.192168	2.041451	0.961244
38	0.173584	0.192168	2.402044	1.320263
39	0.173584	0.192168	1.660576	0.760315
40	0.173584	0.192168	1.811849	0.910506
41	0.173584	0.192168	1.711762	0.811375
42	0.173584	0.192168	2.140625	1.240067
43	0.173584	0.192168	1.479138	0.758467
44	0.173584	0.192168	1.429775	0.708682
45	0.173584	0.192168	1.456270	0.736133
46	0.173584	0.192168	2.038538	1.317981
47	0.173584	0.192168	1.330764	0.608699
48	0.173584	0.192168	1.331950	0.612781
49	0.173584	0.192168	1.145100	0.604501
50	0.173584	0.192168	1.205199	0.665318
51	0.173584	0.192168	1.967402	1.426856
52	0.173584	0.192168	1.058029	0.518200
53	0.173584	0.192168	0.943655	0.403170
54	0.173584	0.192168	1.059766	0.519757
55	0.173584	0.192168	1.107604	0.566698
56	0.173584	0.192168	0.940131	0.399949
57	0.173584	0.192168	0.898374	0.538985
58	0.173584	0.192168	3.808325	3.448036
59	0.173584	0.192168	0.721875	0.362056
60	0.173584	0.192168	0.765769	0.406442
61	0.173584	0.192168	0.707455	0.346978
62	0.173584	0.192168	0.793705	0.433707
63	0.173584	0.192168	0.666893	0.307366
64	0.173584	0.192168	0.697359	0.355793
65	0.173584	0.192168	0.794836	0.434661
66	0.173584	0.192168	0.669592	0.309163
67	0.173584	0.192168	0.843710	0.483491
68	0.173584	0.192168	0.645036	0.285265
69	0.173584	0.192168	0.672595	0.313074
70	0.173584	0.192168	0.846531	0.666402
71	0.173584	0.192168	0.456849	0.276918
72	0.173584	0.192168	0.445569	0.265841
73	0.173584	0.192168	0.534118	0.354258
74	0.173584	0.192168	0.419670	0.239925
75	0.173584	0.192168	0.427511	0.247825
76	0.173584	0.192168	0.435830	0.255762
77	0.173584	0.192168	0.436080	0.257524
78	0.173584	0.192168	0.526807	0.345286
79	0.173584	0.192168	0.411450	0.231181
80	0.173584	0.192168	0.411272	0.230999
81	0.173584	0.192168	0.423358	0.243077
82	0.173584	0.192168	0.426087	0.245824
83	0.173584	0.192168	0.547104	0.366837
84	0.173584	0.192168	0.403405	0.223152
85	0.173584	0.192168	0.389575	0.209298
86	0.173584	0.192168	0.399888	0.219609
87	0.173584	0.192168	0.415795	0.235508
88	0.173584	0.192168	0.383881	0.203600
89	0.173584	0.192168	0.412707	0.232436
90	0.173584	0.192168	0.379150	0.198871
91	0.173584	0.192168	0.570616	0.390331
92	0.173584	0.192168	0.393666	0.213401
93	0.173584	0.192168	0.370603	0.190320
94	0.173584	0.192168	0.377886	0.197617
95	0.173584	0.192168	0.393792	0.213513
96	0.173584	0.192168	0.375406	0.195119
97	0.173584	0.192168	0.396646	0.216361
98	0.173584	0.192168	0.366125	0.185842
99	0.173584	0.192168	0.374014	0.193731
100	0.173584	0.192168	0.403144	0.222863
101	0.173584	0.192168	0.371110	0.190823
102	0.173584	0.192168	0.366678	0.186407
103	0.173584	0.192168	0.976292	0.796011
104	0.173584	0.192168	0.366074	0.185792
105	0.173584	0.192168	0.365771	0.185497
106	0.173584	0.192168	0.366806	0.186519
107	0.173584	0.192168	0.374517	0.194243
108	0.173584	0.192168	0.365594	0.185312
109	0.173584	0.192168	0.363899	0.183619
110	0.173584	0.192168	0.365414	0.185139
111	0.173584	0.192168	0.382103	0.201832
112	0.173584	0.192168	0.360863	0.180578
113	0.173584	0.192168	0.357650	0.177365
114	0.173584	0.192168	0.360989	0.180712
115	0.173584	0.192168	0.362810	0.182525
116	0.173584	0.192168	0.364630	0.184353
117	0.173584	0.192168	0.357170	0.176895
118	0.173584	0.192168	0.388297	0.208014
119	0.173584	0.192168	0.358991	0.178710
120	0.173584	0.192168	0.357170	0.176895
121	0.173584	0.192168	0.359901	0.179626
122	0.173584	0.192168	0.362634	0.182357
123	0.173584	0.192168	0.355170	0.174893
124	0.173584	0.192168	0.364150	0.183865
125	0.173584	0.192168	0.355170	0.174887
126	0.173584	0.192168	0.396011	0.215730
127	0.173584	0.192168	0.355170	0.174887
128	0.173584	0.192168	0.356386	0.193831
129	0.173584	0.192168	0.357599	0.177316
130	0.173584	0.192168	0.355778	0.175497
131	0.173584	0.192168	0.355298	0.175013
132	0.173584	0.192168	0.359117	0.178834
133	0.173584	0.192168	0.355778	0.175493
134	0.173584	0.192168	0.355298	0.175021
135	0.173584	0.192168	0.360154	0.179873
136	0.173584	0.192168	0.355170	0.174891
137	0.173584	0.192168	0.354994	0.174707
138	0.173584	0.192168	0.355298	0.175011
139	0.173584	0.192168	0.362150	0.181869
140	0.173584	0.192168	0.354690	0.174411
141	0.173584	0.192168	0.354994	0.174717
142	0.173584	0.192168	0.355298	0.175017
143	0.173584	0.192168	0.439045	0.258762
144	0.173584	0.192168	0.354386	0.174097
145	0.173584	0.192168	0.353906	0.173621
146	0.173584	0.192168	0.354690	0.174409
147	0.173584	0.192168	0.354994	0.174711
148	0.173584	0.192168	0.355298	0.175013
149	0.173584	0.192168	0.353906	0.173627
150	0.173584	0.192168	0.357119	0.176836
151	0.173584	0.192168	0.354386	0.174107
152	0.173584	0.192168	0.353906	0.173627
153	0.173584	0.192168	0.354690	0.174405
154	0.173584	0.192168	0.353906	0.173617
155	0.173584	0.192168	0.354994	0.174709
156	0.173584	0.192168	0.353906	0.173619
157	0.173584	0.192168	0.355298	0.175009
158	0.173584	0.192168	0.353906	0.173617
159	0.173584	0.192168	0.353906	0.173619
160	0.173584	0.192168	0.358637	0.178350
161	0.173584	0.192168	0.353906	0.173619
162	0.173584	0.192168	0.354386	0.174099
163	0.173584	0.192168	0.353906	0.173619
164	0.173584	0.192168	0.353906	0.173617
165	0.173584	0.192168	0.353906	0.173621
166	0.173584	0.192168	0.354690	0.174405
167	0.173584	0.192168	0.353906	0.173621
168	0.173584	0.192168	0.353906	0.173619
169	0.173584	0.192168	0.353906	0.173617
170	0.173584	0.192168	0.354994	0.174707
171	0.173584	0.192168	0.353906	0.173619
172	0.173584	0.192168	0.353906	0.173621
173	0.173584	0.192168	0.353906	0.173621
174	0.173584	0.192168	0.355298	0.175013
175	0.173584	0.192168	0.353906	0.173619
176	0.173584	0.192168	0.353906	0.173617
177	0.173584	0.192168	0.353906	0.173621
178	0.173584	0.192168	0.353906	0.173619
179	0.173584	0.192168	0.353906	0.173621
180	0.173584	0.192168	0.360155	0.179877
181	0.173584	0.192168	0.355170	0.174895
